-5000.00	320.650	177687	1.93047	358.972	0.0000197023
-4950.00	320.325	176742	1.92215	358.790	0.0000196869
-4900.00	320.000	175802	1.91387	358.608	0.0000196714
-4850.00	319.675	174866	1.90561	358.426	0.0000196560
-4800.00	319.350	173933	1.89738	358.244	0.0000196405
-4750.00	319.025	173005	1.88917	358.061	0.0000196251
-4700.00	318.700	172081	1.88100	357.879	0.0000196096
-4650.00	318.375	171160	1.87285	357.696	0.0000195941
-4600.00	318.050	170244	1.86472	357.514	0.0000195787
-4550.00	317.725	169332	1.85663	357.331	0.0000195632
-4500.00	317.400	168423	1.84856	357.148	0.0000195477
-4450.00	317.075	167519	1.84052	356.965	0.0000195322
-4400.00	316.750	166618	1.83250	356.782	0.0000195167
-4350.00	316.425	165722	1.82451	356.599	0.0000195011
-4300.00	316.100	164829	1.81655	356.416	0.0000194856
-4250.00	315.775	163940	1.80861	356.233	0.0000194701
-4200.00	315.450	163055	1.80071	356.049	0.0000194545
-4150.00	315.125	162174	1.79282	355.866	0.0000194390
-4100.00	314.800	161297	1.78497	355.682	0.0000194234
-4050.00	314.475	160424	1.77714	355.499	0.0000194079
-4000.00	314.150	159554	1.76933	355.315	0.0000193923
-3950.00	313.825	158689	1.76156	355.131	0.0000193767
-3900.00	313.500	157827	1.75381	354.947	0.0000193611
-3850.00	313.175	156969	1.74608	354.763	0.0000193455
-3800.00	312.850	156115	1.73838	354.579	0.0000193299
-3750.00	312.525	155264	1.73071	354.395	0.0000193143
-3700.00	312.200	154417	1.72306	354.211	0.0000192987
-3650.00	311.875	153574	1.71544	354.026	0.0000192831
-3600.00	311.550	152735	1.70785	353.842	0.0000192674
-3550.00	311.225	151900	1.70028	353.657	0.0000192518
-3500.00	310.900	151068	1.69273	353.472	0.0000192362
-3450.00	310.575	150240	1.68522	353.288	0.0000192205
-3400.00	310.250	149415	1.67772	353.103	0.0000192048
-3350.00	309.925	148594	1.67026	352.918	0.0000191892
-3300.00	309.600	147777	1.66282	352.733	0.0000191735
-3250.00	309.275	146964	1.65540	352.547	0.0000191578
-3200.00	308.950	146154	1.64801	352.362	0.0000191421
-3150.00	308.625	145347	1.64064	352.177	0.0000191264
-3100.00	308.300	144545	1.63330	351.991	0.0000191107
-3050.00	307.975	143746	1.62599	351.806	0.0000190949
-3000.00	307.650	142950	1.61870	351.620	0.0000190792
-2950.00	307.325	142158	1.61143	351.434	0.0000190635
-2900.00	307.000	141370	1.60419	351.248	0.0000190477
-2850.00	306.675	140585	1.59698	351.062	0.0000190320
-2800.00	306.350	139804	1.58979	350.876	0.0000190162
-2750.00	306.025	139026	1.58262	350.690	0.0000190005
-2700.00	305.700	138252	1.57548	350.504	0.0000189847
-2650.00	305.375	137481	1.56837	350.317	0.0000189689
-2600.00	305.050	136714	1.56127	350.131	0.0000189531
-2550.00	304.725	135950	1.55421	349.944	0.0000189373
-2500.00	304.400	135190	1.54717	349.758	0.0000189215
-2450.00	304.075	134433	1.54015	349.571	0.0000189057
-2400.00	303.750	133679	1.53315	349.384	0.0000188898
-2350.00	303.425	132929	1.52618	349.197	0.0000188740
-2300.00	303.100	132183	1.51924	349.010	0.0000188582
-2250.00	302.775	131439	1.51232	348.823	0.0000188423
-2200.00	302.450	130699	1.50542	348.636	0.0000188265
-2150.00	302.125	129963	1.49855	348.448	0.0000188106
-2100.00	301.800	129230	1.49170	348.261	0.0000187947
-2050.00	301.475	128500	1.48488	348.073	0.0000187788
-2000.00	301.150	127774	1.47808	347.886	0.0000187630
-1950.00	300.825	127051	1.47130	347.698	0.0000187471
-1900.00	300.500	126331	1.46455	347.510	0.0000187311
-1850.00	300.175	125614	1.45782	347.322	0.0000187152
-1800.00	299.850	124901	1.45111	347.134	0.0000186993
-1750.00	299.525	124191	1.44443	346.946	0.0000186834
-1700.00	299.200	123485	1.43777	346.757	0.0000186674
-1650.00	298.875	122781	1.43114	346.569	0.0000186515
-1600.00	298.550	122081	1.42452	346.381	0.0000186355
-1550.00	298.225	121384	1.41794	346.192	0.0000186196
-1500.00	297.900	120691	1.41137	346.003	0.0000186036
-1450.00	297.575	120000	1.40483	345.815	0.0000185876
-1400.00	297.250	119313	1.39831	345.626	0.0000185716
-1350.00	296.925	118629	1.39182	345.437	0.0000185556
-1300.00	296.600	117948	1.38535	345.248	0.0000185396
-1250.00	296.275	117270	1.37890	345.058	0.0000185236
-1200.00	295.950	116596	1.37247	344.869	0.0000185076
-1150.00	295.625	115925	1.36607	344.680	0.0000184916
-1100.00	295.300	115256	1.35969	344.490	0.0000184755
-1050.00	294.975	114591	1.35333	344.301	0.0000184595
-1000.00	294.650	113929	1.34700	344.111	0.0000184434
-950.000	294.325	113270	1.34068	343.921	0.0000184274
-900.000	294.000	112614	1.33439	343.731	0.0000184113
-850.000	293.675	111962	1.32813	343.541	0.0000183952
-800.000	293.350	111312	1.32188	343.351	0.0000183791
-750.000	293.025	110665	1.31566	343.161	0.0000183630
-700.000	292.700	110022	1.30946	342.970	0.0000183469
-650.000	292.375	109381	1.30329	342.780	0.0000183308
-600.000	292.050	108744	1.29713	342.589	0.0000183147
-550.000	291.725	108109	1.29100	342.399	0.0000182986
-500.000	291.400	107478	1.28489	342.208	0.0000182824
-450.000	291.075	106849	1.27880	342.017	0.0000182663
-400.000	290.750	106223	1.27274	341.826	0.0000182501
-350.000	290.425	105601	1.26669	341.635	0.0000182340
-300.000	290.100	104981	1.26067	341.444	0.0000182178
-250.000	289.775	104365	1.25467	341.252	0.0000182016
-200.000	289.450	103751	1.24869	341.061	0.0000181854
-150.000	289.125	103140	1.24274	340.869	0.0000181692
-100.000	288.800	102532	1.23680	340.678	0.0000181530
-50.0000	288.475	101927	1.23089	340.486	0.0000181368
0.00000	288.150	101325	1.22500	340.294	0.0000181206
50.0000	287.825	100726	1.21913	340.102	0.0000181043
100.000	287.500	100129	1.21328	339.910	0.0000180881
150.000	287.175	99536.0	1.20746	339.718	0.0000180718
200.000	286.850	98945.3	1.20165	339.526	0.0000180556
250.000	286.525	98357.5	1.19587	339.333	0.0000180393
300.000	286.200	97772.6	1.19011	339.141	0.0000180230
350.000	285.875	97190.4	1.18436	338.948	0.0000180068
400.000	285.550	96611.1	1.17864	338.755	0.0000179905
450.000	285.225	96034.6	1.17295	338.563	0.0000179742
500.000	284.900	95460.8	1.16727	338.370	0.0000179579
550.000	284.575	94889.9	1.16161	338.177	0.0000179415
600.000	284.250	94321.7	1.15598	337.983	0.0000179252
650.000	283.925	93756.2	1.15036	337.790	0.0000179089
700.000	283.600	93193.6	1.14477	337.597	0.0000178925
750.000	283.275	92633.6	1.13920	337.403	0.0000178762
800.000	282.950	92076.4	1.13364	337.210	0.0000178598
850.000	282.625	91521.9	1.12811	337.016	0.0000178434
900.000	282.300	90970.1	1.12260	336.822	0.0000178271
950.000	281.975	90421.0	1.11711	336.628	0.0000178107
1000.00	281.650	89874.6	1.11164	336.434	0.0000177943
1050.00	281.325	89330.8	1.10619	336.240	0.0000177779
1100.00	281.000	88789.8	1.10077	336.046	0.0000177615
1150.00	280.675	88251.3	1.09536	335.851	0.0000177450
1200.00	280.350	87715.6	1.08997	335.657	0.0000177286
1250.00	280.025	87182.5	1.08460	335.462	0.0000177122
1300.00	279.700	86651.9	1.07925	335.267	0.0000176957
1350.00	279.375	86124.1	1.07393	335.073	0.0000176793
1400.00	279.050	85598.8	1.06862	334.878	0.0000176628
1450.00	278.725	85076.1	1.06333	334.683	0.0000176463
1500.00	278.400	84556.0	1.05807	334.487	0.0000176298
1550.00	278.075	84038.5	1.05282	334.292	0.0000176133
1600.00	277.750	83523.5	1.04759	334.097	0.0000175968
1650.00	277.425	83011.1	1.04239	333.901	0.0000175803
1700.00	277.100	82501.3	1.03720	333.705	0.0000175638
1750.00	276.775	81994.0	1.03203	333.510	0.0000175473
1800.00	276.450	81489.2	1.02688	333.314	0.0000175307
1850.00	276.125	80987.0	1.02176	333.118	0.0000175142
1900.00	275.800	80487.2	1.01665	332.922	0.0000174976
1950.00	275.475	79990.0	1.01156	332.726	0.0000174811
2000.00	275.150	79495.2	1.00649	332.529	0.0000174645
2050.00	274.825	79002.9	1.00144	332.333	0.0000174479
2100.00	274.500	78513.1	0.996410	332.136	0.0000174313
2150.00	274.175	78025.8	0.991399	331.940	0.0000174147
2200.00	273.850	77540.9	0.986407	331.743	0.0000173981
2250.00	273.525	77058.5	0.981435	331.546	0.0000173815
2300.00	273.200	76578.4	0.976481	331.349	0.0000173649
2350.00	272.875	76100.9	0.971547	331.152	0.0000173482
2400.00	272.550	75625.7	0.966632	330.954	0.0000173316
2450.00	272.225	75152.9	0.961736	330.757	0.0000173149
2500.00	271.900	74682.5	0.956859	330.560	0.0000172983
2550.00	271.575	74214.5	0.952001	330.362	0.0000172816
2600.00	271.250	73748.9	0.947162	330.164	0.0000172649
2650.00	270.925	73285.7	0.942341	329.966	0.0000172482
2700.00	270.600	72824.8	0.937540	329.768	0.0000172315
2750.00	270.275	72366.3	0.932757	329.570	0.0000172148
2800.00	269.950	71910.1	0.927993	329.372	0.0000171981
2850.00	269.625	71456.2	0.923247	329.174	0.0000171813
2900.00	269.300	71004.7	0.918520	328.975	0.0000171646
2950.00	268.975	70555.5	0.913812	328.777	0.0000171479
3000.00	268.650	70108.5	0.909122	328.578	0.0000171311
3050.00	268.325	69663.9	0.904451	328.379	0.0000171143
3100.00	268.000	69221.6	0.899798	328.180	0.0000170976
3150.00	267.675	68781.5	0.895163	327.981	0.0000170808
3200.00	267.350	68343.7	0.890546	327.782	0.0000170640
3250.00	267.025	67908.2	0.885948	327.583	0.0000170472
3300.00	266.700	67474.9	0.881368	327.383	0.0000170304
3350.00	266.375	67043.9	0.876806	327.184	0.0000170135
3400.00	266.050	66615.0	0.872262	326.984	0.0000169967
3450.00	265.725	66188.5	0.867737	326.784	0.0000169799
3500.00	265.400	65764.1	0.863229	326.584	0.0000169630
3550.00	265.075	65341.9	0.858739	326.384	0.0000169462
3600.00	264.750	64921.9	0.854267	326.184	0.0000169293
3650.00	264.425	64504.2	0.849813	325.984	0.0000169124
3700.00	264.100	64088.6	0.845377	325.784	0.0000168955
3750.00	263.775	63675.1	0.840958	325.583	0.0000168786
3800.00	263.450	63263.9	0.836557	325.382	0.0000168617
3850.00	263.125	62854.7	0.832174	325.182	0.0000168448
3900.00	262.800	62447.8	0.827808	324.981	0.0000168279
3950.00	262.475	62042.9	0.823460	324.780	0.0000168110
4000.00	262.150	61640.2	0.819129	324.579	0.0000167940
4050.00	261.825	61239.6	0.814816	324.377	0.0000167771
4100.00	261.500	60841.2	0.810520	324.176	0.0000167601
4150.00	261.175	60444.8	0.806242	323.975	0.0000167431
4200.00	260.850	60050.5	0.801981	323.773	0.0000167261
4250.00	260.525	59658.3	0.797737	323.571	0.0000167092
4300.00	260.200	59268.2	0.793510	323.369	0.0000166922
4350.00	259.875	58880.1	0.789301	323.167	0.0000166751
4400.00	259.550	58494.2	0.785108	322.965	0.0000166581
4450.00	259.225	58110.2	0.780933	322.763	0.0000166411
4500.00	258.900	57728.3	0.776775	322.560	0.0000166241
4550.00	258.575	57348.5	0.772633	322.358	0.0000166070
4600.00	258.250	56970.6	0.768509	322.155	0.0000165900
4650.00	257.925	56594.8	0.764401	321.952	0.0000165729
4700.00	257.600	56221.0	0.760310	321.750	0.0000165558
4750.00	257.275	55849.2	0.756236	321.547	0.0000165387
4800.00	256.950	55479.4	0.752179	321.343	0.0000165216
4850.00	256.625	55111.6	0.748138	321.140	0.0000165045
4900.00	256.300	54745.7	0.744114	320.937	0.0000164874
4950.00	255.975	54381.8	0.740107	320.733	0.0000164703
5000.00	255.650	54019.9	0.736116	320.529	0.0000164531
5050.00	255.325	53659.9	0.732141	320.326	0.0000164360
5100.00	255.000	53301.9	0.728183	320.122	0.0000164188
5150.00	254.675	52945.8	0.724242	319.918	0.0000164017
5200.00	254.350	52591.7	0.720317	319.713	0.0000163845
5250.00	254.025	52239.4	0.716408	319.509	0.0000163673
5300.00	253.700	51889.1	0.712515	319.305	0.0000163501
5350.00	253.375	51540.7	0.708638	319.100	0.0000163329
5400.00	253.050	51194.2	0.704778	318.895	0.0000163157
5450.00	252.725	50849.6	0.700934	318.691	0.0000162985
5500.00	252.400	50506.8	0.697106	318.486	0.0000162813
5550.00	252.075	50165.9	0.693294	318.280	0.0000162640
5600.00	251.750	49826.9	0.689497	318.075	0.0000162468
5650.00	251.425	49489.8	0.685717	317.870	0.0000162295
5700.00	251.100	49154.5	0.681953	317.664	0.0000162122
5750.00	250.775	48821.0	0.678204	317.459	0.0000161949
5800.00	250.450	48489.4	0.674471	317.253	0.0000161777
5850.00	250.125	48159.6	0.670754	317.047	0.0000161604
5900.00	249.800	47831.6	0.667053	316.841	0.0000161430
5950.00	249.475	47505.4	0.663367	316.635	0.0000161257
6000.00	249.150	47181.0	0.659697	316.428	0.0000161084
6050.00	248.825	46858.5	0.656043	316.222	0.0000160910
6100.00	248.500	46537.7	0.652404	316.015	0.0000160737
6150.00	248.175	46218.7	0.648780	315.809	0.0000160563
6200.00	247.850	45901.4	0.645172	315.602	0.0000160390
6250.00	247.525	45586.0	0.641579	315.395	0.0000160216
6300.00	247.200	45272.3	0.638002	315.188	0.0000160042
6350.00	246.875	44960.3	0.634439	314.980	0.0000159868
6400.00	246.550	44650.1	0.630892	314.773	0.0000159694
6450.00	246.225	44341.6	0.627361	314.566	0.0000159520
6500.00	245.900	44034.8	0.623844	314.358	0.0000159345
6550.00	245.575	43729.8	0.620343	314.150	0.0000159171
6600.00	245.250	43426.5	0.616856	313.942	0.0000158996
6650.00	244.925	43124.9	0.613385	313.734	0.0000158822
6700.00	244.600	42825.0	0.609928	313.526	0.0000158647
6750.00	244.275	42526.7	0.606487	313.317	0.0000158472
6800.00	243.950	42230.2	0.603060	313.109	0.0000158297
6850.00	243.625	41935.3	0.599648	312.900	0.0000158122
6900.00	243.300	41642.2	0.596251	312.692	0.0000157947
6950.00	242.975	41350.6	0.592869	312.483	0.0000157772
7000.00	242.650	41060.7	0.589501	312.274	0.0000157596
7050.00	242.325	40772.5	0.586148	312.064	0.0000157421
7100.00	242.000	40485.9	0.582810	311.855	0.0000157245
7150.00	241.675	40201.0	0.579486	311.646	0.0000157070
7200.00	241.350	39917.6	0.576177	311.436	0.0000156894
7250.00	241.025	39635.9	0.572882	311.226	0.0000156718
7300.00	240.700	39355.8	0.569602	311.016	0.0000156542
7350.00	240.375	39077.3	0.566336	310.806	0.0000156366
7400.00	240.050	38800.4	0.563084	310.596	0.0000156190
7450.00	239.725	38525.1	0.559847	310.386	0.0000156014
7500.00	239.400	38251.4	0.556624	310.175	0.0000155837
7550.00	239.075	37979.3	0.553415	309.965	0.0000155661
7600.00	238.750	37708.7	0.550220	309.754	0.0000155484
7650.00	238.425	37439.7	0.547039	309.543	0.0000155308
7700.00	238.100	37172.2	0.543873	309.332	0.0000155131
7750.00	237.775	36906.3	0.540721	309.121	0.0000154954
7800.00	237.450	36642.0	0.537582	308.909	0.0000154777
7850.00	237.125	36379.1	0.534458	308.698	0.0000154600
7900.00	236.800	36117.8	0.531347	308.486	0.0000154423
7950.00	236.475	35858.1	0.528250	308.275	0.0000154245
8000.00	236.150	35599.8	0.525168	308.063	0.0000154068
8050.00	235.825	35343.1	0.522098	307.851	0.0000153891
8100.00	235.500	35087.8	0.519043	307.638	0.0000153713
8150.00	235.175	34834.0	0.516001	307.426	0.0000153535
8200.00	234.850	34581.8	0.512973	307.214	0.0000153357
8250.00	234.525	34331.0	0.509959	307.001	0.0000153179
8300.00	234.200	34081.7	0.506958	306.788	0.0000153001
8350.00	233.875	33833.8	0.503971	306.575	0.0000152823
8400.00	233.550	33587.5	0.500997	306.362	0.0000152645
8450.00	233.225	33342.5	0.498037	306.149	0.0000152467
8500.00	232.900	33099.0	0.495090	305.935	0.0000152288
8550.00	232.575	32857.0	0.492156	305.722	0.0000152110
8600.00	232.250	32616.4	0.489236	305.508	0.0000151931
8650.00	231.925	32377.2	0.486329	305.294	0.0000151752
8700.00	231.600	32139.5	0.483435	305.080	0.0000151573
8750.00	231.275	31903.1	0.480555	304.866	0.0000151394
8800.00	230.950	31668.2	0.477687	304.652	0.0000151215
8850.00	230.625	31434.7	0.474833	304.438	0.0000151036
8900.00	230.300	31202.6	0.471992	304.223	0.0000150857
8950.00	229.975	30971.8	0.469163	304.008	0.0000150677
9000.00	229.650	30742.5	0.466348	303.793	0.0000150498
9050.00	229.325	30514.5	0.463546	303.578	0.0000150318
9100.00	229.000	30287.9	0.460756	303.363	0.0000150138
9150.00	228.675	30062.6	0.457980	303.148	0.0000149958
9200.00	228.350	29838.7	0.455216	302.932	0.0000149778
9250.00	228.025	29616.2	0.452465	302.717	0.0000149598
9300.00	227.700	29395.0	0.449727	302.501	0.0000149418
9350.00	227.375	29175.2	0.447001	302.285	0.0000149238
9400.00	227.050	28956.7	0.444289	302.069	0.0000149058
9450.00	226.725	28739.5	0.441588	301.852	0.0000148877
9500.00	226.400	28523.6	0.438901	301.636	0.0000148696
9550.00	226.075	28309.1	0.436226	301.419	0.0000148516
9600.00	225.750	28095.8	0.433563	301.203	0.0000148335
9650.00	225.425	27883.9	0.430913	300.986	0.0000148154
9700.00	225.100	27673.2	0.428275	300.769	0.0000147973
9750.00	224.775	27463.9	0.425649	300.552	0.0000147792
9800.00	224.450	27255.8	0.423036	300.334	0.0000147610
9850.00	224.125	27049.0	0.420436	300.117	0.0000147429
9900.00	223.800	26843.5	0.417847	299.899	0.0000147247
9950.00	223.475	26639.3	0.415271	299.681	0.0000147066
10000.0	223.150	26436.3	0.412707	299.463	0.0000146884
10050.0	222.825	26234.5	0.410155	299.245	0.0000146702
10100.0	222.500	26034.0	0.407615	299.027	0.0000146520
10150.0	222.175	25834.8	0.405087	298.808	0.0000146338
10200.0	221.850	25636.8	0.402571	298.590	0.0000146156
10250.0	221.525	25440.0	0.400067	298.371	0.0000145974
10300.0	221.200	25244.5	0.397575	298.152	0.0000145792
10350.0	220.875	25050.1	0.395095	297.933	0.0000145609
10400.0	220.550	24857.0	0.392627	297.714	0.0000145426
10450.0	220.225	24665.1	0.390170	297.494	0.0000145244
10500.0	219.900	24474.4	0.387725	297.275	0.0000145061
10550.0	219.575	24284.9	0.385293	297.055	0.0000144878
10600.0	219.250	24096.5	0.382871	296.835	0.0000144695
10650.0	218.925	23909.4	0.380462	296.615	0.0000144512
10700.0	218.600	23723.4	0.378064	296.395	0.0000144328
10750.0	218.275	23538.6	0.375677	296.174	0.0000144145
10800.0	217.950	23355.0	0.373303	295.954	0.0000143962
10850.0	217.625	23172.5	0.370939	295.733	0.0000143778
10900.0	217.300	22991.2	0.368588	295.512	0.0000143594
10950.0	216.975	22811.1	0.366247	295.291	0.0000143410
11000.0	216.650	22632.1	0.363918	295.070	0.0000143226
11050.0	216.650	22454.3	0.361060	295.070	0.0000143226
11100.0	216.650	22278.0	0.358224	295.070	0.0000143226
11150.0	216.650	22103.0	0.355411	295.070	0.0000143226
11200.0	216.650	21929.4	0.352620	295.070	0.0000143226
11250.0	216.650	21757.2	0.349851	295.070	0.0000143226
11300.0	216.650	21586.3	0.347103	295.070	0.0000143226
11350.0	216.650	21416.8	0.344377	295.070	0.0000143226
11400.0	216.650	21248.6	0.341673	295.070	0.0000143226
11450.0	216.650	21081.8	0.338989	295.070	0.0000143226
11500.0	216.650	20916.2	0.336327	295.070	0.0000143226
11550.0	216.650	20751.9	0.333686	295.070	0.0000143226
11600.0	216.650	20589.0	0.331065	295.070	0.0000143226
11650.0	216.650	20427.3	0.328465	295.070	0.0000143226
11700.0	216.650	20266.8	0.325886	295.070	0.0000143226
11750.0	216.650	20107.7	0.323326	295.070	0.0000143226
11800.0	216.650	19949.8	0.320787	295.070	0.0000143226
11850.0	216.650	19793.1	0.318268	295.070	0.0000143226
11900.0	216.650	19637.6	0.315768	295.070	0.0000143226
11950.0	216.650	19483.4	0.313289	295.070	0.0000143226
12000.0	216.650	19330.4	0.310828	295.070	0.0000143226
12050.0	216.650	19178.6	0.308387	295.070	0.0000143226
12100.0	216.650	19028.0	0.305965	295.070	0.0000143226
12150.0	216.650	18878.5	0.303562	295.070	0.0000143226
12200.0	216.650	18730.3	0.301178	295.070	0.0000143226
12250.0	216.650	18583.2	0.298813	295.070	0.0000143226
12300.0	216.650	18437.2	0.296466	295.070	0.0000143226
12350.0	216.650	18292.4	0.294138	295.070	0.0000143226
12400.0	216.650	18148.8	0.291828	295.070	0.0000143226
12450.0	216.650	18006.3	0.289536	295.070	0.0000143226
12500.0	216.650	17864.8	0.287262	295.070	0.0000143226
12550.0	216.650	17724.5	0.285006	295.070	0.0000143226
12600.0	216.650	17585.4	0.282768	295.070	0.0000143226
12650.0	216.650	17447.2	0.280547	295.070	0.0000143226
12700.0	216.650	17310.2	0.278344	295.070	0.0000143226
12750.0	216.650	17174.3	0.276158	295.070	0.0000143226
12800.0	216.650	17039.4	0.273989	295.070	0.0000143226
12850.0	216.650	16905.6	0.271838	295.070	0.0000143226
12900.0	216.650	16772.8	0.269703	295.070	0.0000143226
12950.0	216.650	16641.1	0.267585	295.070	0.0000143226
13000.0	216.650	16510.4	0.265483	295.070	0.0000143226
13050.0	216.650	16380.7	0.263398	295.070	0.0000143226
13100.0	216.650	16252.1	0.261330	295.070	0.0000143226
13150.0	216.650	16124.5	0.259277	295.070	0.0000143226
13200.0	216.650	15997.8	0.257241	295.070	0.0000143226
13250.0	216.650	15872.2	0.255221	295.070	0.0000143226
13300.0	216.650	15747.5	0.253217	295.070	0.0000143226
13350.0	216.650	15623.9	0.251228	295.070	0.0000143226
13400.0	216.650	15501.2	0.249255	295.070	0.0000143226
13450.0	216.650	15379.4	0.247297	295.070	0.0000143226
13500.0	216.650	15258.7	0.245355	295.070	0.0000143226
13550.0	216.650	15138.8	0.243428	295.070	0.0000143226
13600.0	216.650	15019.9	0.241517	295.070	0.0000143226
13650.0	216.650	14902.0	0.239620	295.070	0.0000143226
13700.0	216.650	14784.9	0.237738	295.070	0.0000143226
13750.0	216.650	14668.8	0.235871	295.070	0.0000143226
13800.0	216.650	14553.6	0.234019	295.070	0.0000143226
13850.0	216.650	14439.3	0.232181	295.070	0.0000143226
13900.0	216.650	14325.9	0.230357	295.070	0.0000143226
13950.0	216.650	14213.4	0.228548	295.070	0.0000143226
14000.0	216.650	14101.8	0.226753	295.070	0.0000143226
14050.0	216.650	13991.1	0.224973	295.070	0.0000143226
14100.0	216.650	13881.2	0.223206	295.070	0.0000143226
14150.0	216.650	13772.2	0.221453	295.070	0.0000143226
14200.0	216.650	13664.0	0.219714	295.070	0.0000143226
14250.0	216.650	13556.7	0.217988	295.070	0.0000143226
14300.0	216.650	13450.2	0.216276	295.070	0.0000143226
14350.0	216.650	13344.6	0.214578	295.070	0.0000143226
14400.0	216.650	13239.8	0.212893	295.070	0.0000143226
14450.0	216.650	13135.8	0.211221	295.070	0.0000143226
14500.0	216.650	13032.7	0.209562	295.070	0.0000143226
14550.0	216.650	12930.3	0.207916	295.070	0.0000143226
14600.0	216.650	12828.8	0.206283	295.070	0.0000143226
14650.0	216.650	12728.0	0.204663	295.070	0.0000143226
14700.0	216.650	12628.1	0.203056	295.070	0.0000143226
14750.0	216.650	12528.9	0.201461	295.070	0.0000143226
14800.0	216.650	12430.5	0.199879	295.070	0.0000143226
14850.0	216.650	12332.9	0.198309	295.070	0.0000143226
14900.0	216.650	12236.0	0.196752	295.070	0.0000143226
14950.0	216.650	12139.9	0.195207	295.070	0.0000143226
15000.0	216.650	12044.6	0.193674	295.070	0.0000143226
15050.0	216.650	11950.0	0.192153	295.070	0.0000143226
15100.0	216.650	11856.1	0.190644	295.070	0.0000143226
15150.0	216.650	11763.0	0.189146	295.070	0.0000143226
15200.0	216.650	11670.6	0.187661	295.070	0.0000143226
15250.0	216.650	11579.0	0.186187	295.070	0.0000143226
15300.0	216.650	11488.1	0.184725	295.070	0.0000143226
15350.0	216.650	11397.8	0.183274	295.070	0.0000143226
15400.0	216.650	11308.3	0.181835	295.070	0.0000143226
15450.0	216.650	11219.5	0.180407	295.070	0.0000143226
15500.0	216.650	11131.4	0.178990	295.070	0.0000143226
15550.0	216.650	11044.0	0.177584	295.070	0.0000143226
15600.0	216.650	10957.2	0.176190	295.070	0.0000143226
15650.0	216.650	10871.2	0.174806	295.070	0.0000143226
15700.0	216.650	10785.8	0.173433	295.070	0.0000143226
15750.0	216.650	10701.1	0.172071	295.070	0.0000143226
15800.0	216.650	10617.1	0.170720	295.070	0.0000143226
15850.0	216.650	10533.7	0.169379	295.070	0.0000143226
15900.0	216.650	10451.0	0.168049	295.070	0.0000143226
15950.0	216.650	10368.9	0.166729	295.070	0.0000143226
16000.0	216.650	10287.5	0.165420	295.070	0.0000143226
16050.0	216.650	10206.7	0.164121	295.070	0.0000143226
16100.0	216.650	10126.5	0.162832	295.070	0.0000143226
16150.0	216.650	10047.0	0.161553	295.070	0.0000143226
16200.0	216.650	9968.08	0.160284	295.070	0.0000143226
16250.0	216.650	9889.80	0.159025	295.070	0.0000143226
16300.0	216.650	9812.13	0.157777	295.070	0.0000143226
16350.0	216.650	9735.07	0.156538	295.070	0.0000143226
16400.0	216.650	9658.61	0.155308	295.070	0.0000143226
16450.0	216.650	9582.76	0.154088	295.070	0.0000143226
16500.0	216.650	9507.50	0.152878	295.070	0.0000143226
16550.0	216.650	9432.84	0.151678	295.070	0.0000143226
16600.0	216.650	9358.76	0.150487	295.070	0.0000143226
16650.0	216.650	9285.26	0.149305	295.070	0.0000143226
16700.0	216.650	9212.34	0.148132	295.070	0.0000143226
16750.0	216.650	9139.99	0.146969	295.070	0.0000143226
16800.0	216.650	9068.21	0.145815	295.070	0.0000143226
16850.0	216.650	8996.99	0.144669	295.070	0.0000143226
16900.0	216.650	8926.34	0.143533	295.070	0.0000143226
16950.0	216.650	8856.23	0.142406	295.070	0.0000143226
17000.0	216.650	8786.68	0.141288	295.070	0.0000143226
17050.0	216.650	8717.68	0.140178	295.070	0.0000143226
17100.0	216.650	8649.21	0.139077	295.070	0.0000143226
17150.0	216.650	8581.29	0.137985	295.070	0.0000143226
17200.0	216.650	8513.89	0.136901	295.070	0.0000143226
17250.0	216.650	8447.03	0.135826	295.070	0.0000143226
17300.0	216.650	8380.69	0.134759	295.070	0.0000143226
17350.0	216.650	8314.88	0.133701	295.070	0.0000143226
17400.0	216.650	8249.58	0.132651	295.070	0.0000143226
17450.0	216.650	8184.79	0.131609	295.070	0.0000143226
17500.0	216.650	8120.51	0.130576	295.070	0.0000143226
17550.0	216.650	8056.74	0.129550	295.070	0.0000143226
17600.0	216.650	7993.46	0.128533	295.070	0.0000143226
17650.0	216.650	7930.69	0.127524	295.070	0.0000143226
17700.0	216.650	7868.40	0.126522	295.070	0.0000143226
17750.0	216.650	7806.61	0.125528	295.070	0.0000143226
17800.0	216.650	7745.30	0.124543	295.070	0.0000143226
17850.0	216.650	7684.47	0.123564	295.070	0.0000143226
17900.0	216.650	7624.13	0.122594	295.070	0.0000143226
17950.0	216.650	7564.25	0.121631	295.070	0.0000143226
18000.0	216.650	7504.84	0.120676	295.070	0.0000143226
18050.0	216.650	7445.91	0.119728	295.070	0.0000143226
18100.0	216.650	7387.43	0.118788	295.070	0.0000143226
18150.0	216.650	7329.41	0.117855	295.070	0.0000143226
18200.0	216.650	7271.85	0.116930	295.070	0.0000143226
18250.0	216.650	7214.74	0.116011	295.070	0.0000143226
18300.0	216.650	7158.08	0.115100	295.070	0.0000143226
18350.0	216.650	7101.87	0.114196	295.070	0.0000143226
18400.0	216.650	7046.09	0.113299	295.070	0.0000143226
18450.0	216.650	6990.76	0.112410	295.070	0.0000143226
18500.0	216.650	6935.86	0.111527	295.070	0.0000143226
18550.0	216.650	6881.39	0.110651	295.070	0.0000143226
18600.0	216.650	6827.34	0.109782	295.070	0.0000143226
18650.0	216.650	6773.73	0.108920	295.070	0.0000143226
18700.0	216.650	6720.53	0.108064	295.070	0.0000143226
18750.0	216.650	6667.75	0.107216	295.070	0.0000143226
18800.0	216.650	6615.39	0.106374	295.070	0.0000143226
18850.0	216.650	6563.43	0.105538	295.070	0.0000143226
18900.0	216.650	6511.89	0.104710	295.070	0.0000143226
18950.0	216.650	6460.75	0.103887	295.070	0.0000143226
19000.0	216.650	6410.01	0.103071	295.070	0.0000143226
19050.0	216.650	6359.67	0.102262	295.070	0.0000143226
19100.0	216.650	6309.72	0.101459	295.070	0.0000143226
19150.0	216.650	6260.17	0.100662	295.070	0.0000143226
19200.0	216.650	6211.00	0.0998714	295.070	0.0000143226
19250.0	216.650	6162.23	0.0990871	295.070	0.0000143226
19300.0	216.650	6113.83	0.0983089	295.070	0.0000143226
19350.0	216.650	6065.82	0.0975369	295.070	0.0000143226
19400.0	216.650	6018.18	0.0967709	295.070	0.0000143226
19450.0	216.650	5970.92	0.0960109	295.070	0.0000143226
19500.0	216.650	5924.03	0.0952569	295.070	0.0000143226
19550.0	216.650	5877.50	0.0945088	295.070	0.0000143226
19600.0	216.650	5831.34	0.0937666	295.070	0.0000143226
19650.0	216.650	5785.55	0.0930302	295.070	0.0000143226
19700.0	216.650	5740.11	0.0922996	295.070	0.0000143226
19750.0	216.650	5695.03	0.0915747	295.070	0.0000143226
19800.0	216.650	5650.31	0.0908555	295.070	0.0000143226
19850.0	216.650	5605.93	0.0901420	295.070	0.0000143226
19900.0	216.650	5561.91	0.0894341	295.070	0.0000143226
19950.0	216.650	5518.23	0.0887317	295.070	0.0000143226
20000.0	216.650	5474.89	0.0880349	295.070	0.0000143226
20050.0	216.700	5431.90	0.0873234	295.104	0.0000143255
20100.0	216.750	5389.25	0.0866179	295.138	0.0000143283
20150.0	216.800	5346.95	0.0859182	295.172	0.0000143311
20200.0	216.850	5304.99	0.0852243	295.206	0.0000143340
20250.0	216.900	5263.38	0.0845362	295.240	0.0000143368
20300.0	216.950	5222.09	0.0838538	295.274	0.0000143396
20350.0	217.000	5181.14	0.0831771	295.308	0.0000143425
20400.0	217.050	5140.52	0.0825060	295.342	0.0000143453
20450.0	217.100	5100.23	0.0818405	295.376	0.0000143481
20500.0	217.150	5060.26	0.0811804	295.410	0.0000143509
20550.0	217.200	5020.62	0.0805259	295.444	0.0000143538
20600.0	217.250	4981.29	0.0798768	295.478	0.0000143566
20650.0	217.300	4942.29	0.0792330	295.512	0.0000143594
20700.0	217.350	4903.59	0.0785946	295.546	0.0000143622
20750.0	217.400	4865.21	0.0779615	295.580	0.0000143651
20800.0	217.450	4827.14	0.0773336	295.614	0.0000143679
20850.0	217.500	4789.37	0.0767109	295.648	0.0000143707
20900.0	217.550	4751.91	0.0760934	295.682	0.0000143736
20950.0	217.600	4714.75	0.0754810	295.716	0.0000143764
21000.0	217.650	4677.89	0.0748737	295.750	0.0000143792
21050.0	217.700	4641.32	0.0742713	295.784	0.0000143820
21100.0	217.750	4605.05	0.0736740	295.818	0.0000143849
21150.0	217.800	4569.07	0.0730816	295.852	0.0000143877
21200.0	217.850	4533.38	0.0724941	295.886	0.0000143905
21250.0	217.900	4497.98	0.0719115	295.920	0.0000143933
21300.0	217.950	4462.86	0.0713336	295.954	0.0000143962
21350.0	218.000	4428.02	0.0707606	295.987	0.0000143990
21400.0	218.050	4393.47	0.0701923	296.021	0.0000144018
21450.0	218.100	4359.19	0.0696286	296.055	0.0000144046
21500.0	218.150	4325.18	0.0690697	296.089	0.0000144074
21550.0	218.200	4291.45	0.0685153	296.123	0.0000144103
21600.0	218.250	4257.99	0.0679655	296.157	0.0000144131
21650.0	218.300	4224.80	0.0674203	296.191	0.0000144159
21700.0	218.350	4191.87	0.0668795	296.225	0.0000144187
21750.0	218.400	4159.21	0.0663432	296.259	0.0000144216
21800.0	218.450	4126.81	0.0658114	296.293	0.0000144244
21850.0	218.500	4094.67	0.0652839	296.327	0.0000144272
21900.0	218.550	4062.79	0.0647607	296.361	0.0000144300
21950.0	218.600	4031.16	0.0642419	296.395	0.0000144328
22000.0	218.650	3999.79	0.0637273	296.428	0.0000144357
22050.0	218.700	3968.67	0.0632170	296.462	0.0000144385
22100.0	218.750	3937.79	0.0627109	296.496	0.0000144413
22150.0	218.800	3907.17	0.0622090	296.530	0.0000144441
22200.0	218.850	3876.79	0.0617111	296.564	0.0000144469
22250.0	218.900	3846.65	0.0612174	296.598	0.0000144498
22300.0	218.950	3816.75	0.0607278	296.632	0.0000144526
22350.0	219.000	3787.10	0.0602421	296.666	0.0000144554
22400.0	219.050	3757.68	0.0597605	296.699	0.0000144582
22450.0	219.100	3728.49	0.0592828	296.733	0.0000144610
22500.0	219.150	3699.54	0.0588091	296.767	0.0000144639
22550.0	219.200	3670.82	0.0583392	296.801	0.0000144667
22600.0	219.250	3642.33	0.0578732	296.835	0.0000144695
22650.0	219.300	3614.06	0.0574110	296.869	0.0000144723
22700.0	219.350	3586.03	0.0569526	296.903	0.0000144751
22750.0	219.400	3558.21	0.0564980	296.936	0.0000144779
22800.0	219.450	3530.62	0.0560471	296.970	0.0000144808
22850.0	219.500	3503.25	0.0555999	297.004	0.0000144836
22900.0	219.550	3476.09	0.0551564	297.038	0.0000144864
22950.0	219.600	3449.16	0.0547165	297.072	0.0000144892
23000.0	219.650	3422.43	0.0542803	297.105	0.0000144920
23050.0	219.700	3395.93	0.0538476	297.139	0.0000144948
23100.0	219.750	3369.63	0.0534184	297.173	0.0000144976
23150.0	219.800	3343.54	0.0529928	297.207	0.0000145005
23200.0	219.850	3317.66	0.0525706	297.241	0.0000145033
23250.0	219.900	3291.98	0.0521520	297.275	0.0000145061
23300.0	219.950	3266.51	0.0517367	297.308	0.0000145089
23350.0	220.000	3241.25	0.0513248	297.342	0.0000145117
23400.0	220.050	3216.18	0.0509164	297.376	0.0000145145
23450.0	220.100	3191.32	0.0505112	297.410	0.0000145173
23500.0	220.150	3166.65	0.0501094	297.443	0.0000145202
23550.0	220.200	3142.17	0.0497108	297.477	0.0000145230
23600.0	220.250	3117.90	0.0493155	297.511	0.0000145258
23650.0	220.300	3093.81	0.0489235	297.545	0.0000145286
23700.0	220.350	3069.92	0.0485346	297.579	0.0000145314
23750.0	220.400	3046.21	0.0481490	297.612	0.0000145342
23800.0	220.450	3022.70	0.0477665	297.646	0.0000145370
23850.0	220.500	2999.37	0.0473871	297.680	0.0000145398
23900.0	220.550	2976.23	0.0470108	297.714	0.0000145426
23950.0	220.600	2953.27	0.0466375	297.747	0.0000145455
24000.0	220.650	2930.49	0.0462674	297.781	0.0000145483
24050.0	220.700	2907.90	0.0459002	297.815	0.0000145511
24100.0	220.750	2885.48	0.0455360	297.849	0.0000145539
24150.0	220.800	2863.24	0.0451749	297.882	0.0000145567
24200.0	220.850	2841.18	0.0448166	297.916	0.0000145595
24250.0	220.900	2819.29	0.0444613	297.950	0.0000145623
24300.0	220.950	2797.58	0.0441089	297.983	0.0000145651
24350.0	221.000	2776.03	0.0437593	298.017	0.0000145679
24400.0	221.050	2754.66	0.0434126	298.051	0.0000145707
24450.0	221.100	2733.46	0.0430687	298.085	0.0000145735
24500.0	221.150	2712.42	0.0427276	298.118	0.0000145763
24550.0	221.200	2691.56	0.0423893	298.152	0.0000145792
24600.0	221.250	2670.85	0.0420538	298.186	0.0000145820
24650.0	221.300	2650.32	0.0417210	298.219	0.0000145848
24700.0	221.350	2629.94	0.0413909	298.253	0.0000145876
24750.0	221.400	2609.73	0.0410634	298.287	0.0000145904
24800.0	221.450	2589.67	0.0407387	298.320	0.0000145932
24850.0	221.500	2569.77	0.0404166	298.354	0.0000145960
24900.0	221.550	2550.03	0.0400971	298.388	0.0000145988
24950.0	221.600	2530.45	0.0397801	298.421	0.0000146016
25000.0	221.650	2511.02	0.0394658	298.455	0.0000146044
25050.0	221.700	2491.75	0.0391540	298.489	0.0000146072
25100.0	221.750	2472.63	0.0388448	298.522	0.0000146100
25150.0	221.800	2453.65	0.0385381	298.556	0.0000146128
25200.0	221.850	2434.83	0.0382338	298.590	0.0000146156
25250.0	221.900	2416.16	0.0379321	298.623	0.0000146184
25300.0	221.950	2397.63	0.0376327	298.657	0.0000146212
25350.0	222.000	2379.25	0.0373358	298.691	0.0000146240
25400.0	222.050	2361.02	0.0370414	298.724	0.0000146268
25450.0	222.100	2342.93	0.0367493	298.758	0.0000146296
25500.0	222.150	2324.98	0.0364595	298.791	0.0000146324
25550.0	222.200	2307.17	0.0361721	298.825	0.0000146352
25600.0	222.250	2289.51	0.0358871	298.859	0.0000146380
25650.0	222.300	2271.98	0.0356044	298.892	0.0000146408
25700.0	222.350	2254.59	0.0353239	298.926	0.0000146436
25750.0	222.400	2237.34	0.0350457	298.960	0.0000146464
25800.0	222.450	2220.22	0.0347698	298.993	0.0000146492
25850.0	222.500	2203.24	0.0344961	299.027	0.0000146520
25900.0	222.550	2186.39	0.0342246	299.060	0.0000146548
25950.0	222.600	2169.68	0.0339553	299.094	0.0000146576
26000.0	222.650	2153.09	0.0336882	299.128	0.0000146604
26050.0	222.700	2136.64	0.0334233	299.161	0.0000146632
26100.0	222.750	2120.32	0.0331605	299.195	0.0000146660
26150.0	222.800	2104.12	0.0328998	299.228	0.0000146688
26200.0	222.850	2088.05	0.0326413	299.262	0.0000146716
26250.0	222.900	2072.11	0.0323848	299.295	0.0000146744
26300.0	222.950	2056.29	0.0321304	299.329	0.0000146772
26350.0	223.000	2040.60	0.0318780	299.363	0.0000146800
26400.0	223.050	2025.03	0.0316277	299.396	0.0000146828
26450.0	223.100	2009.58	0.0313794	299.430	0.0000146856
26500.0	223.150	1994.26	0.0311331	299.463	0.0000146884
26550.0	223.200	1979.05	0.0308888	299.497	0.0000146912
26600.0	223.250	1963.97	0.0306465	299.530	0.0000146940
26650.0	223.300	1949.00	0.0304061	299.564	0.0000146968
26700.0	223.350	1934.15	0.0301677	299.597	0.0000146996
26750.0	223.400	1919.41	0.0299312	299.631	0.0000147024
26800.0	223.450	1904.80	0.0296966	299.664	0.0000147052
26850.0	223.500	1890.29	0.0294638	299.698	0.0000147080
26900.0	223.550	1875.90	0.0292330	299.732	0.0000147108
26950.0	223.600	1861.62	0.0290040	299.765	0.0000147136
27000.0	223.650	1847.46	0.0287769	299.799	0.0000147164
27050.0	223.700	1833.40	0.0285516	299.832	0.0000147192
27100.0	223.750	1819.46	0.0283281	299.866	0.0000147220
27150.0	223.800	1805.62	0.0281064	299.899	0.0000147247
27200.0	223.850	1791.89	0.0278865	299.933	0.0000147275
27250.0	223.900	1778.27	0.0276683	299.966	0.0000147303
27300.0	223.950	1764.76	0.0274519	300.000	0.0000147331
27350.0	224.000	1751.35	0.0272373	300.033	0.0000147359
27400.0	224.050	1738.05	0.0270244	300.067	0.0000147387
27450.0	224.100	1724.85	0.0268131	300.100	0.0000147415
27500.0	224.150	1711.75	0.0266036	300.133	0.0000147443
27550.0	224.200	1698.76	0.0263958	300.167	0.0000147471
27600.0	224.250	1685.87	0.0261896	300.200	0.0000147499
27650.0	224.300	1673.08	0.0259851	300.234	0.0000147527
27700.0	224.350	1660.39	0.0257823	300.267	0.0000147555
27750.0	224.400	1647.79	0.0255810	300.301	0.0000147582
27800.0	224.450	1635.30	0.0253814	300.334	0.0000147610
27850.0	224.500	1622.90	0.0251834	300.368	0.0000147638
27900.0	224.550	1610.60	0.0249870	300.401	0.0000147666
27950.0	224.600	1598.40	0.0247921	300.435	0.0000147694
28000.0	224.650	1586.29	0.0245988	300.468	0.0000147722
28050.0	224.700	1574.28	0.0244071	300.501	0.0000147750
28100.0	224.750	1562.35	0.0242169	300.535	0.0000147778
28150.0	224.800	1550.53	0.0240282	300.568	0.0000147806
28200.0	224.850	1538.79	0.0238410	300.602	0.0000147833
28250.0	224.900	1527.15	0.0236553	300.635	0.0000147861
28300.0	224.950	1515.59	0.0234712	300.669	0.0000147889
28350.0	225.000	1504.13	0.0232884	300.702	0.0000147917
28400.0	225.050	1492.75	0.0231072	300.735	0.0000147945
28450.0	225.100	1481.47	0.0229274	300.769	0.0000147973
28500.0	225.150	1470.27	0.0227490	300.802	0.0000148001
28550.0	225.200	1459.16	0.0225721	300.836	0.0000148029
28600.0	225.250	1448.13	0.0223966	300.869	0.0000148056
28650.0	225.300	1437.19	0.0222225	300.902	0.0000148084
28700.0	225.350	1426.34	0.0220498	300.936	0.0000148112
28750.0	225.400	1415.57	0.0218784	300.969	0.0000148140
28800.0	225.450	1404.89	0.0217084	301.003	0.0000148168
28850.0	225.500	1394.28	0.0215398	301.036	0.0000148196
28900.0	225.550	1383.76	0.0213726	301.069	0.0000148223
28950.0	225.600	1373.32	0.0212066	301.103	0.0000148251
29000.0	225.650	1362.96	0.0210420	301.136	0.0000148279
29050.0	225.700	1352.69	0.0208787	301.169	0.0000148307
29100.0	225.750	1342.49	0.0207167	301.203	0.0000148335
29150.0	225.800	1332.37	0.0205560	301.236	0.0000148363
29200.0	225.850	1322.33	0.0203966	301.269	0.0000148390
29250.0	225.900	1312.37	0.0202385	301.303	0.0000148418
29300.0	225.950	1302.48	0.0200816	301.336	0.0000148446
29350.0	226.000	1292.68	0.0199259	301.369	0.0000148474
29400.0	226.050	1282.94	0.0197716	301.403	0.0000148502
29450.0	226.100	1273.29	0.0196184	301.436	0.0000148530
29500.0	226.150	1263.70	0.0194664	301.469	0.0000148557
29550.0	226.200	1254.20	0.0193157	301.503	0.0000148585
29600.0	226.250	1244.76	0.0191662	301.536	0.0000148613
29650.0	226.300	1235.40	0.0190178	301.569	0.0000148641
29700.0	226.350	1226.11	0.0188707	301.603	0.0000148669
29750.0	226.400	1216.89	0.0187247	301.636	0.0000148696
29800.0	226.450	1207.75	0.0185798	301.669	0.0000148724
29850.0	226.500	1198.67	0.0184362	301.703	0.0000148752
29900.0	226.550	1189.67	0.0182936	301.736	0.0000148780
29950.0	226.600	1180.73	0.0181522	301.769	0.0000148808
30000.0	226.650	1171.87	0.0180119	301.803	0.0000148835
30050.0	226.700	1163.07	0.0178728	301.836	0.0000148863
30100.0	226.750	1154.34	0.0177347	301.869	0.0000148891
30150.0	226.800	1145.68	0.0175978	301.902	0.0000148919
30200.0	226.850	1137.08	0.0174619	301.936	0.0000148946
30250.0	226.900	1128.55	0.0173271	301.969	0.0000148974
30300.0	226.950	1120.09	0.0171934	302.002	0.0000149002
30350.0	227.000	1111.69	0.0170607	302.036	0.0000149030
30400.0	227.050	1103.36	0.0169291	302.069	0.0000149058
30450.0	227.100	1095.09	0.0167985	302.102	0.0000149085
30500.0	227.150	1086.88	0.0166690	302.135	0.0000149113
30550.0	227.200	1078.74	0.0165405	302.169	0.0000149141
30600.0	227.250	1070.66	0.0164130	302.202	0.0000149169
30650.0	227.300	1062.65	0.0162865	302.235	0.0000149196
30700.0	227.350	1054.69	0.0161610	302.268	0.0000149224
30750.0	227.400	1046.80	0.0160365	302.301	0.0000149252
30800.0	227.450	1038.97	0.0159130	302.335	0.0000149280
30850.0	227.500	1031.19	0.0157905	302.368	0.0000149307
30900.0	227.550	1023.48	0.0156690	302.401	0.0000149335
30950.0	227.600	1015.83	0.0155484	302.434	0.0000149363
31000.0	227.650	1008.23	0.0154288	302.468	0.0000149390
31050.0	227.700	1000.70	0.0153101	302.501	0.0000149418
31100.0	227.750	993.218	0.0151923	302.534	0.0000149446
31150.0	227.800	985.797	0.0150755	302.567	0.0000149474
31200.0	227.850	978.434	0.0149596	302.600	0.0000149501
31250.0	227.900	971.127	0.0148446	302.634	0.0000149529
31300.0	227.950	963.876	0.0147306	302.667	0.0000149557
31350.0	228.000	956.681	0.0146174	302.700	0.0000149585
31400.0	228.050	949.541	0.0145051	302.733	0.0000149612
31450.0	228.100	942.456	0.0143937	302.766	0.0000149640
31500.0	228.150	935.425	0.0142832	302.800	0.0000149668
31550.0	228.200	928.449	0.0141736	302.833	0.0000149695
31600.0	228.250	921.526	0.0140648	302.866	0.0000149723
31650.0	228.300	914.656	0.0139569	302.899	0.0000149751
31700.0	228.350	907.838	0.0138499	302.932	0.0000149778
31750.0	228.400	901.073	0.0137437	302.965	0.0000149806
31800.0	228.450	894.360	0.0136383	302.999	0.0000149834
31850.0	228.500	887.699	0.0135337	303.032	0.0000149862
31900.0	228.550	881.088	0.0134300	303.065	0.0000149889
31950.0	228.600	874.528	0.0133271	303.098	0.0000149917
32000.0	228.650	868.019	0.0132250	303.131	0.0000149945
32050.0	228.790	861.560	0.0131186	303.224	0.0000150022
32100.0	228.930	855.154	0.0130131	303.317	0.0000150100
32150.0	229.070	848.799	0.0129085	303.409	0.0000150177
32200.0	229.210	842.495	0.0128048	303.502	0.0000150254
32250.0	229.350	836.241	0.0127020	303.595	0.0000150332
32300.0	229.490	830.038	0.0126001	303.688	0.0000150409
32350.0	229.630	823.885	0.0124990	303.780	0.0000150487
32400.0	229.770	817.781	0.0123989	303.873	0.0000150564
32450.0	229.910	811.725	0.0122996	303.965	0.0000150641
32500.0	230.050	805.719	0.0122011	304.058	0.0000150719
32550.0	230.190	799.760	0.0121035	304.150	0.0000150796
32600.0	230.330	793.849	0.0120068	304.243	0.0000150873
32650.0	230.470	787.985	0.0119108	304.335	0.0000150950
32700.0	230.610	782.168	0.0118157	304.428	0.0000151028
32750.0	230.750	776.398	0.0117214	304.520	0.0000151105
32800.0	230.890	770.674	0.0116280	304.612	0.0000151182
32850.0	231.030	764.995	0.0115353	304.705	0.0000151259
32900.0	231.170	759.361	0.0114434	304.797	0.0000151336
32950.0	231.310	753.772	0.0113523	304.889	0.0000151414
33000.0	231.450	748.228	0.0112620	304.982	0.0000151491
33050.0	231.590	742.728	0.0111724	305.074	0.0000151568
33100.0	231.730	737.272	0.0110837	305.166	0.0000151645
33150.0	231.870	731.859	0.0109956	305.258	0.0000151722
33200.0	232.010	726.489	0.0109084	305.350	0.0000151799
33250.0	232.150	721.161	0.0108219	305.442	0.0000151876
33300.0	232.290	715.876	0.0107361	305.535	0.0000151953
33350.0	232.430	710.632	0.0106510	305.627	0.0000152030
33400.0	232.570	705.431	0.0105667	305.719	0.0000152107
33450.0	232.710	700.270	0.0104831	305.811	0.0000152184
33500.0	232.850	695.150	0.0104002	305.903	0.0000152261
33550.0	232.990	690.071	0.0103180	305.995	0.0000152338
33600.0	233.130	685.032	0.0102365	306.086	0.0000152414
33650.0	233.270	680.032	0.0101557	306.178	0.0000152491
33700.0	233.410	675.072	0.0100756	306.270	0.0000152568
33750.0	233.550	670.151	0.00999611	306.362	0.0000152645
33800.0	233.690	665.269	0.00991734	306.454	0.0000152722
33850.0	233.830	660.426	0.00983924	306.546	0.0000152799
33900.0	233.970	655.620	0.00976181	306.637	0.0000152875
33950.0	234.110	650.852	0.00968502	306.729	0.0000152952
34000.0	234.250	646.122	0.00960889	306.821	0.0000153029
34050.0	234.390	641.429	0.00953340	306.913	0.0000153106
34100.0	234.530	636.773	0.00945855	307.004	0.0000153182
34150.0	234.670	632.153	0.00938432	307.096	0.0000153259
34200.0	234.810	627.570	0.00931073	307.187	0.0000153335
34250.0	234.950	623.023	0.00923776	307.279	0.0000153412
34300.0	235.090	618.511	0.00916540	307.370	0.0000153489
34350.0	235.230	614.034	0.00909365	307.462	0.0000153565
34400.0	235.370	609.593	0.00902250	307.553	0.0000153642
34450.0	235.510	605.186	0.00895195	307.645	0.0000153718
34500.0	235.650	600.814	0.00888200	307.736	0.0000153795
34550.0	235.790	596.476	0.00881263	307.828	0.0000153871
34600.0	235.930	592.172	0.00874385	307.919	0.0000153948
34650.0	236.070	587.901	0.00867564	308.010	0.0000154024
34700.0	236.210	583.664	0.00860800	308.102	0.0000154101
34750.0	236.350	579.459	0.00854094	308.193	0.0000154177
34800.0	236.490	575.288	0.00847443	308.284	0.0000154254
34850.0	236.630	571.149	0.00840848	308.376	0.0000154330
34900.0	236.770	567.042	0.00834308	308.467	0.0000154406
34950.0	236.910	562.967	0.00827823	308.558	0.0000154483
35000.0	237.050	558.924	0.00821392	308.649	0.0000154559
35050.0	237.190	554.912	0.00815015	308.740	0.0000154635
35100.0	237.330	550.931	0.00808691	308.831	0.0000154712
35150.0	237.470	546.981	0.00802420	308.922	0.0000154788
35200.0	237.610	543.062	0.00796201	309.013	0.0000154864
35250.0	237.750	539.173	0.00790034	309.104	0.0000154940
35300.0	237.890	535.314	0.00783918	309.195	0.0000155017
35350.0	238.030	531.485	0.00777853	309.286	0.0000155093
35400.0	238.170	527.686	0.00771839	309.377	0.0000155169
35450.0	238.310	523.916	0.00765874	309.468	0.0000155245
35500.0	238.450	520.175	0.00759959	309.559	0.0000155321
35550.0	238.590	516.463	0.00754094	309.650	0.0000155397
35600.0	238.730	512.780	0.00748277	309.741	0.0000155474
35650.0	238.870	509.125	0.00742508	309.832	0.0000155550
35700.0	239.010	505.498	0.00736787	309.922	0.0000155626
35750.0	239.150	501.900	0.00731113	310.013	0.0000155702
35800.0	239.290	498.329	0.00725486	310.104	0.0000155778
35850.0	239.430	494.785	0.00719906	310.195	0.0000155854
35900.0	239.570	491.269	0.00714372	310.285	0.0000155930
35950.0	239.710	487.779	0.00708884	310.376	0.0000156006
36000.0	239.850	484.317	0.00703441	310.467	0.0000156082
36050.0	239.990	480.881	0.00698043	310.557	0.0000156158
36100.0	240.130	477.471	0.00692690	310.648	0.0000156233
36150.0	240.270	474.088	0.00687381	310.738	0.0000156309
36200.0	240.410	470.730	0.00682115	310.829	0.0000156385
36250.0	240.550	467.398	0.00676893	310.919	0.0000156461
36300.0	240.690	464.092	0.00671714	311.010	0.0000156537
36350.0	240.830	460.811	0.00666577	311.100	0.0000156613
36400.0	240.970	457.555	0.00661483	311.191	0.0000156688
36450.0	241.110	454.324	0.00656430	311.281	0.0000156764
36500.0	241.250	451.118	0.00651419	311.371	0.0000156840
36550.0	241.390	447.936	0.00646449	311.462	0.0000156916
36600.0	241.530	444.778	0.00641520	311.552	0.0000156991
36650.0	241.670	441.645	0.00636632	311.642	0.0000157067
36700.0	241.810	438.535	0.00631783	311.733	0.0000157143
36750.0	241.950	435.449	0.00626974	311.823	0.0000157218
36800.0	242.090	432.386	0.00622205	311.913	0.0000157294
36850.0	242.230	429.347	0.00617474	312.003	0.0000157370
36900.0	242.370	426.331	0.00612782	312.093	0.0000157445
36950.0	242.510	423.338	0.00608128	312.183	0.0000157521
37000.0	242.650	420.367	0.00603513	312.274	0.0000157596
37050.0	242.790	417.419	0.00598935	312.364	0.0000157672
37100.0	242.930	414.494	0.00594394	312.454	0.0000157748
37150.0	243.070	411.590	0.00589891	312.544	0.0000157823
37200.0	243.210	408.709	0.00585424	312.634	0.0000157898
37250.0	243.350	405.849	0.00580993	312.724	0.0000157974
37300.0	243.490	403.011	0.00576599	312.814	0.0000158049
37350.0	243.630	400.194	0.00572240	312.904	0.0000158125
37400.0	243.770	397.399	0.00567917	312.993	0.0000158200
37450.0	243.910	394.625	0.00563629	313.083	0.0000158276
37500.0	244.050	391.872	0.00559375	313.173	0.0000158351
37550.0	244.190	389.139	0.00555156	313.263	0.0000158426
37600.0	244.330	386.427	0.00550972	313.353	0.0000158502
37650.0	244.470	383.736	0.00546821	313.442	0.0000158577
37700.0	244.610	381.065	0.00542704	313.532	0.0000158652
37750.0	244.750	378.414	0.00538620	313.622	0.0000158728
37800.0	244.890	375.783	0.00534569	313.712	0.0000158803
37850.0	245.030	373.172	0.00530551	313.801	0.0000158878
37900.0	245.170	370.580	0.00526566	313.891	0.0000158953
37950.0	245.310	368.008	0.00522612	313.981	0.0000159029
38000.0	245.450	365.455	0.00518691	314.070	0.0000159104
38050.0	245.590	362.921	0.00514801	314.160	0.0000159179
38100.0	245.730	360.406	0.00510943	314.249	0.0000159254
38150.0	245.870	357.910	0.00507115	314.339	0.0000159329
38200.0	246.010	355.433	0.00503319	314.428	0.0000159404
38250.0	246.150	352.974	0.00499553	314.518	0.0000159479
38300.0	246.290	350.534	0.00495817	314.607	0.0000159554
38350.0	246.430	348.112	0.00492112	314.696	0.0000159629
38400.0	246.570	345.708	0.00488436	314.786	0.0000159704
38450.0	246.710	343.322	0.00484789	314.875	0.0000159779
38500.0	246.850	340.954	0.00481172	314.965	0.0000159854
38550.0	246.990	338.603	0.00477584	315.054	0.0000159929
38600.0	247.130	336.270	0.00474025	315.143	0.0000160004
38650.0	247.270	333.955	0.00470494	315.232	0.0000160079
38700.0	247.410	331.656	0.00466992	315.322	0.0000160154
38750.0	247.550	329.375	0.00463517	315.411	0.0000160229
38800.0	247.690	327.111	0.00460071	315.500	0.0000160304
38850.0	247.830	324.863	0.00456651	315.589	0.0000160379
38900.0	247.970	322.632	0.00453260	315.678	0.0000160454
38950.0	248.110	320.418	0.00449895	315.767	0.0000160529
39000.0	248.250	318.220	0.00446557	315.856	0.0000160603
39050.0	248.390	316.039	0.00443246	315.945	0.0000160678
39100.0	248.530	313.874	0.00439961	316.034	0.0000160753
39150.0	248.670	311.724	0.00436702	316.123	0.0000160828
39200.0	248.810	309.591	0.00433470	316.212	0.0000160902
39250.0	248.950	307.473	0.00430263	316.301	0.0000160977
39300.0	249.090	305.372	0.00427081	316.390	0.0000161052
39350.0	249.230	303.285	0.00423925	316.479	0.0000161127
39400.0	249.370	301.214	0.00420794	316.568	0.0000161201
39450.0	249.510	299.159	0.00417688	316.657	0.0000161276
39500.0	249.650	297.118	0.00414606	316.746	0.0000161350
39550.0	249.790	295.093	0.00411549	316.835	0.0000161425
39600.0	249.930	293.082	0.00408516	316.923	0.0000161500
39650.0	250.070	291.086	0.00405507	317.012	0.0000161574
39700.0	250.210	289.105	0.00402522	317.101	0.0000161649
39750.0	250.350	287.139	0.00399561	317.190	0.0000161723
39800.0	250.490	285.187	0.00396623	317.278	0.0000161798
39850.0	250.630	283.249	0.00393708	317.367	0.0000161872
39900.0	250.770	281.326	0.00390816	317.455	0.0000161947
39950.0	250.910	279.417	0.00387947	317.544	0.0000162021
40000.0	251.050	277.522	0.00385101	317.633	0.0000162096
40050.0	251.190	275.640	0.00382277	317.721	0.0000162170
40100.0	251.330	273.773	0.00379476	317.810	0.0000162245
40150.0	251.470	271.919	0.00376696	317.898	0.0000162319
40200.0	251.610	270.079	0.00373939	317.987	0.0000162393
40250.0	251.750	268.252	0.00371203	318.075	0.0000162468
40300.0	251.890	266.438	0.00368488	318.164	0.0000162542
40350.0	252.030	264.638	0.00365795	318.252	0.0000162616
40400.0	252.170	262.851	0.00363123	318.340	0.0000162691
40450.0	252.310	261.077	0.00360473	318.429	0.0000162765
40500.0	252.450	259.316	0.00357842	318.517	0.0000162839
40550.0	252.590	257.568	0.00355233	318.605	0.0000162913
40600.0	252.730	255.832	0.00352644	318.694	0.0000162988
40650.0	252.870	254.109	0.00350075	318.782	0.0000163062
40700.0	253.010	252.399	0.00347527	318.870	0.0000163136
40750.0	253.150	250.701	0.00344998	318.958	0.0000163210
40800.0	253.290	249.016	0.00342489	319.047	0.0000163284
40850.0	253.430	247.343	0.00340000	319.135	0.0000163358
40900.0	253.570	245.682	0.00337530	319.223	0.0000163433
40950.0	253.710	244.033	0.00335080	319.311	0.0000163507
41000.0	253.850	242.395	0.00332648	319.399	0.0000163581
41050.0	253.990	240.770	0.00330236	319.487	0.0000163655
41100.0	254.130	239.157	0.00327842	319.575	0.0000163729
41150.0	254.270	237.555	0.00325468	319.663	0.0000163803
41200.0	254.410	235.965	0.00323111	319.751	0.0000163877
41250.0	254.550	234.387	0.00320773	319.839	0.0000163951
41300.0	254.690	232.819	0.00318453	319.927	0.0000164025
41350.0	254.830	231.264	0.00316151	320.015	0.0000164099
41400.0	254.970	229.719	0.00313867	320.103	0.0000164173
41450.0	255.110	228.186	0.00311601	320.191	0.0000164247
41500.0	255.250	226.663	0.00309352	320.279	0.0000164320
41550.0	255.390	225.152	0.00307121	320.366	0.0000164394
41600.0	255.530	223.651	0.00304907	320.454	0.0000164468
41650.0	255.670	222.162	0.00302711	320.542	0.0000164542
41700.0	255.810	220.683	0.00300531	320.630	0.0000164616
41750.0	255.950	219.214	0.00298368	320.717	0.0000164690
41800.0	256.090	217.757	0.00296222	320.805	0.0000164763
41850.0	256.230	216.310	0.00294092	320.893	0.0000164837
41900.0	256.370	214.873	0.00291979	320.981	0.0000164911
41950.0	256.510	213.446	0.00289883	321.068	0.0000164985
42000.0	256.650	212.030	0.00287802	321.156	0.0000165058
42050.0	256.790	210.624	0.00285738	321.243	0.0000165132
42100.0	256.930	209.228	0.00283689	321.331	0.0000165206
42150.0	257.070	207.842	0.00281656	321.418	0.0000165279
42200.0	257.210	206.466	0.00279639	321.506	0.0000165353
42250.0	257.350	205.099	0.00277638	321.593	0.0000165427
42300.0	257.490	203.743	0.00275651	321.681	0.0000165500
42350.0	257.630	202.396	0.00273680	321.768	0.0000165574
42400.0	257.770	201.059	0.00271725	321.856	0.0000165647
42450.0	257.910	199.731	0.00269784	321.943	0.0000165721
42500.0	258.050	198.413	0.00267858	322.030	0.0000165795
42550.0	258.190	197.105	0.00265947	322.118	0.0000165868
42600.0	258.330	195.805	0.00264051	322.205	0.0000165942
42650.0	258.470	194.515	0.00262169	322.292	0.0000166015
42700.0	258.610	193.234	0.00260302	322.380	0.0000166088
42750.0	258.750	191.962	0.00258448	322.467	0.0000166162
42800.0	258.890	190.700	0.00256609	322.554	0.0000166235
42850.0	259.030	189.446	0.00254785	322.641	0.0000166309
42900.0	259.170	188.201	0.00252974	322.729	0.0000166382
42950.0	259.310	186.965	0.00251177	322.816	0.0000166456
43000.0	259.450	185.738	0.00249393	322.903	0.0000166529
43050.0	259.590	184.519	0.00247624	322.990	0.0000166602
43100.0	259.730	183.309	0.00245867	323.077	0.0000166676
43150.0	259.870	182.108	0.00244124	323.164	0.0000166749
43200.0	260.010	180.915	0.00242395	323.251	0.0000166822
43250.0	260.150	179.731	0.00240679	323.338	0.0000166895
43300.0	260.290	178.555	0.00238975	323.425	0.0000166969
43350.0	260.430	177.387	0.00237285	323.512	0.0000167042
43400.0	260.570	176.228	0.00235607	323.599	0.0000167115
43450.0	260.710	175.077	0.00233943	323.686	0.0000167188
43500.0	260.850	173.934	0.00232291	323.773	0.0000167261
43550.0	260.990	172.799	0.00230651	323.860	0.0000167335
43600.0	261.130	171.672	0.00229024	323.947	0.0000167408
43650.0	261.270	170.553	0.00227409	324.033	0.0000167481
43700.0	261.410	169.442	0.00225807	324.120	0.0000167554
43750.0	261.550	168.339	0.00224216	324.207	0.0000167627
43800.0	261.690	167.243	0.00222638	324.294	0.0000167700
43850.0	261.830	166.155	0.00221071	324.381	0.0000167773
43900.0	261.970	165.075	0.00219517	324.467	0.0000167846
43950.0	262.110	164.002	0.00217974	324.554	0.0000167919
44000.0	262.250	162.937	0.00216443	324.641	0.0000167992
44050.0	262.390	161.880	0.00214923	324.727	0.0000168065
44100.0	262.530	160.830	0.00213415	324.814	0.0000168138
44150.0	262.670	159.787	0.00211919	324.900	0.0000168211
44200.0	262.810	158.751	0.00210433	324.987	0.0000168284
44250.0	262.950	157.723	0.00208959	325.074	0.0000168357
44300.0	263.090	156.702	0.00207496	325.160	0.0000168430
44350.0	263.230	155.688	0.00206044	325.247	0.0000168503
44400.0	263.370	154.682	0.00204602	325.333	0.0000168576
44450.0	263.510	153.682	0.00203172	325.420	0.0000168649
44500.0	263.650	152.689	0.00201752	325.506	0.0000168721
44550.0	263.790	151.703	0.00200343	325.592	0.0000168794
44600.0	263.930	150.724	0.00198945	325.679	0.0000168867
44650.0	264.070	149.752	0.00197557	325.765	0.0000168940
44700.0	264.210	148.787	0.00196180	325.851	0.0000169013
44750.0	264.350	147.829	0.00194813	325.938	0.0000169085
44800.0	264.490	146.877	0.00193456	326.024	0.0000169158
44850.0	264.630	145.931	0.00192109	326.110	0.0000169231
44900.0	264.770	144.993	0.00190772	326.197	0.0000169303
44950.0	264.910	144.061	0.00189446	326.283	0.0000169376
45000.0	265.050	143.135	0.00188129	326.369	0.0000169449
45050.0	265.190	142.216	0.00186822	326.455	0.0000169521
45100.0	265.330	141.303	0.00185525	326.541	0.0000169594
45150.0	265.470	140.396	0.00184237	326.628	0.0000169667
45200.0	265.610	139.496	0.00182960	326.714	0.0000169739
45250.0	265.750	138.602	0.00181691	326.800	0.0000169812
45300.0	265.890	137.714	0.00180432	326.886	0.0000169884
45350.0	266.030	136.832	0.00179183	326.972	0.0000169957
45400.0	266.170	135.957	0.00177943	327.058	0.0000170029
45450.0	266.310	135.087	0.00176712	327.144	0.0000170102
45500.0	266.450	134.224	0.00175490	327.230	0.0000170174
45550.0	266.590	133.366	0.00174277	327.316	0.0000170247
45600.0	266.730	132.515	0.00173074	327.402	0.0000170319
45650.0	266.870	131.669	0.00171879	327.488	0.0000170392
45700.0	267.010	130.829	0.00170693	327.574	0.0000170464
45750.0	267.150	129.995	0.00169516	327.659	0.0000170536
45800.0	267.290	129.167	0.00168348	327.745	0.0000170609
45850.0	267.430	128.344	0.00167188	327.831	0.0000170681
45900.0	267.570	127.527	0.00166037	327.917	0.0000170754
45950.0	267.710	126.716	0.00164894	328.003	0.0000170826
46000.0	267.850	125.910	0.00163760	328.088	0.0000170898
46050.0	267.990	125.110	0.00162634	328.174	0.0000170970
46100.0	268.130	124.315	0.00161517	328.260	0.0000171043
46150.0	268.270	123.526	0.00160408	328.346	0.0000171115
46200.0	268.410	122.742	0.00159307	328.431	0.0000171187
46250.0	268.550	121.964	0.00158214	328.517	0.0000171259
46300.0	268.690	121.191	0.00157129	328.602	0.0000171332
46350.0	268.830	120.423	0.00156052	328.688	0.0000171404
46400.0	268.970	119.660	0.00154983	328.774	0.0000171476
46450.0	269.110	118.903	0.00153922	328.859	0.0000171548
46500.0	269.250	118.151	0.00152869	328.945	0.0000171620
46550.0	269.390	117.404	0.00151824	329.030	0.0000171692
46600.0	269.530	116.662	0.00150786	329.116	0.0000171764
46650.0	269.670	115.925	0.00149756	329.201	0.0000171837
46700.0	269.810	115.193	0.00148733	329.287	0.0000171909
46750.0	269.950	114.467	0.00147718	329.372	0.0000171981
46800.0	270.090	113.745	0.00146710	329.457	0.0000172053
46850.0	270.230	113.028	0.00145710	329.543	0.0000172125
46900.0	270.370	112.316	0.00144717	329.628	0.0000172197
46950.0	270.510	111.609	0.00143732	329.713	0.0000172269
47000.0	270.650	110.906	0.00142753	329.799	0.0000172341
47050.0	270.650	110.209	0.00141855	329.799	0.0000172341
47100.0	270.650	109.515	0.00140963	329.799	0.0000172341
47150.0	270.650	108.826	0.00140076	329.799	0.0000172341
47200.0	270.650	108.141	0.00139195	329.799	0.0000172341
47250.0	270.650	107.461	0.00138319	329.799	0.0000172341
47300.0	270.650	106.785	0.00137449	329.799	0.0000172341
47350.0	270.650	106.113	0.00136584	329.799	0.0000172341
47400.0	270.650	105.446	0.00135725	329.799	0.0000172341
47450.0	270.650	104.782	0.00134871	329.799	0.0000172341
47500.0	270.650	104.123	0.00134022	329.799	0.0000172341
47550.0	270.650	103.468	0.00133179	329.799	0.0000172341
47600.0	270.650	102.817	0.00132341	329.799	0.0000172341
47650.0	270.650	102.170	0.00131508	329.799	0.0000172341
47700.0	270.650	101.527	0.00130681	329.799	0.0000172341
47750.0	270.650	100.888	0.00129859	329.799	0.0000172341
47800.0	270.650	100.254	0.00129042	329.799	0.0000172341
47850.0	270.650	99.6230	0.00128230	329.799	0.0000172341
47900.0	270.650	98.9962	0.00127423	329.799	0.0000172341
47950.0	270.650	98.3734	0.00126622	329.799	0.0000172341
48000.0	270.650	97.7545	0.00125825	329.799	0.0000172341
48050.0	270.650	97.1395	0.00125033	329.799	0.0000172341
48100.0	270.650	96.5283	0.00124247	329.799	0.0000172341
48150.0	270.650	95.9210	0.00123465	329.799	0.0000172341
48200.0	270.650	95.3176	0.00122688	329.799	0.0000172341
48250.0	270.650	94.7179	0.00121916	329.799	0.0000172341
48300.0	270.650	94.1220	0.00121149	329.799	0.0000172341
48350.0	270.650	93.5298	0.00120387	329.799	0.0000172341
48400.0	270.650	92.9414	0.00119630	329.799	0.0000172341
48450.0	270.650	92.3566	0.00118877	329.799	0.0000172341
48500.0	270.650	91.7756	0.00118129	329.799	0.0000172341
48550.0	270.650	91.1982	0.00117386	329.799	0.0000172341
48600.0	270.650	90.6244	0.00116647	329.799	0.0000172341
48650.0	270.650	90.0542	0.00115914	329.799	0.0000172341
48700.0	270.650	89.4877	0.00115184	329.799	0.0000172341
48750.0	270.650	88.9247	0.00114460	329.799	0.0000172341
48800.0	270.650	88.3652	0.00113739	329.799	0.0000172341
48850.0	270.650	87.8092	0.00113024	329.799	0.0000172341
48900.0	270.650	87.2568	0.00112313	329.799	0.0000172341
48950.0	270.650	86.7078	0.00111606	329.799	0.0000172341
49000.0	270.650	86.1623	0.00110904	329.799	0.0000172341
49050.0	270.650	85.6202	0.00110206	329.799	0.0000172341
49100.0	270.650	85.0815	0.00109513	329.799	0.0000172341
49150.0	270.650	84.5463	0.00108824	329.799	0.0000172341
49200.0	270.650	84.0143	0.00108139	329.799	0.0000172341
49250.0	270.650	83.4858	0.00107459	329.799	0.0000172341
49300.0	270.650	82.9605	0.00106783	329.799	0.0000172341
49350.0	270.650	82.4386	0.00106111	329.799	0.0000172341
49400.0	270.650	81.9199	0.00105443	329.799	0.0000172341
49450.0	270.650	81.4045	0.00104780	329.799	0.0000172341
49500.0	270.650	80.8924	0.00104121	329.799	0.0000172341
49550.0	270.650	80.3834	0.00103466	329.799	0.0000172341
49600.0	270.650	79.8777	0.00102815	329.799	0.0000172341
49650.0	270.650	79.3752	0.00102168	329.799	0.0000172341
49700.0	270.650	78.8758	0.00101525	329.799	0.0000172341
49750.0	270.650	78.3795	0.00100886	329.799	0.0000172341
49800.0	270.650	77.8864	0.00100252	329.799	0.0000172341
49850.0	270.650	77.3964	0.000996210	329.799	0.0000172341
49900.0	270.650	76.9095	0.000989942	329.799	0.0000172341
49950.0	270.650	76.4256	0.000983714	329.799	0.0000172341
50000.0	270.650	75.9448	0.000977525	329.799	0.0000172341
50050.0	270.650	75.4670	0.000971375	329.799	0.0000172341
50100.0	270.650	74.9922	0.000965264	329.799	0.0000172341
50150.0	270.650	74.5204	0.000959191	329.799	0.0000172341
50200.0	270.650	74.0515	0.000953156	329.799	0.0000172341
50250.0	270.650	73.5856	0.000947159	329.799	0.0000172341
50300.0	270.650	73.1227	0.000941200	329.799	0.0000172341
50350.0	270.650	72.6626	0.000935279	329.799	0.0000172341
50400.0	270.650	72.2055	0.000929395	329.799	0.0000172341
50450.0	270.650	71.7512	0.000923547	329.799	0.0000172341
50500.0	270.650	71.2998	0.000917737	329.799	0.0000172341
50550.0	270.650	70.8512	0.000911963	329.799	0.0000172341
50600.0	270.650	70.4054	0.000906225	329.799	0.0000172341
50650.0	270.650	69.9625	0.000900524	329.799	0.0000172341
50700.0	270.650	69.5223	0.000894858	329.799	0.0000172341
50750.0	270.650	69.0849	0.000889228	329.799	0.0000172341
50800.0	270.650	68.6503	0.000883634	329.799	0.0000172341
50850.0	270.650	68.2184	0.000878075	329.799	0.0000172341
50900.0	270.650	67.7892	0.000872550	329.799	0.0000172341
50950.0	270.650	67.3627	0.000867061	329.799	0.0000172341
51000.0	270.650	66.9389	0.000861606	329.799	0.0000172341
51050.0	270.510	66.5176	0.000856626	329.713	0.0000172269
51100.0	270.370	66.0988	0.000851674	329.628	0.0000172197
51150.0	270.230	65.6824	0.000846747	329.543	0.0000172125
51200.0	270.090	65.2684	0.000841846	329.457	0.0000172053
51250.0	269.950	64.8568	0.000836971	329.372	0.0000171981
51300.0	269.810	64.4476	0.000832122	329.287	0.0000171909
51350.0	269.670	64.0408	0.000827298	329.201	0.0000171837
51400.0	269.530	63.6363	0.000822500	329.116	0.0000171764
51450.0	269.390	63.2342	0.000817728	329.030	0.0000171692
51500.0	269.250	62.8344	0.000812980	328.945	0.0000171620
51550.0	269.110	62.4369	0.000808258	328.859	0.0000171548
51600.0	268.970	62.0418	0.000803560	328.774	0.0000171476
51650.0	268.830	61.6489	0.000798888	328.688	0.0000171404
51700.0	268.690	61.2583	0.000794240	328.602	0.0000171332
51750.0	268.550	60.8700	0.000789617	328.517	0.0000171259
51800.0	268.410	60.4840	0.000785018	328.431	0.0000171187
51850.0	268.270	60.1002	0.000780444	328.346	0.0000171115
51900.0	268.130	59.7186	0.000775894	328.260	0.0000171043
51950.0	267.990	59.3393	0.000771368	328.174	0.0000170970
52000.0	267.850	58.9622	0.000766867	328.088	0.0000170898
52050.0	267.710	58.5872	0.000762389	328.003	0.0000170826
52100.0	267.570	58.2145	0.000757935	327.917	0.0000170754
52150.0	267.430	57.8440	0.000753505	327.831	0.0000170681
52200.0	267.290	57.4756	0.000749098	327.745	0.0000170609
52250.0	267.150	57.1093	0.000744715	327.659	0.0000170536
52300.0	267.010	56.7453	0.000740355	327.574	0.0000170464
52350.0	266.870	56.3833	0.000736019	327.488	0.0000170392
52400.0	266.730	56.0235	0.000731705	327.402	0.0000170319
52450.0	266.590	55.6657	0.000727415	327.316	0.0000170247
52500.0	266.450	55.3101	0.000723147	327.230	0.0000170174
52550.0	266.310	54.9566	0.000718903	327.144	0.0000170102
52600.0	266.170	54.6051	0.000714681	327.058	0.0000170029
52650.0	266.030	54.2557	0.000710482	326.972	0.0000169957
52700.0	265.890	53.9084	0.000706305	326.886	0.0000169884
52750.0	265.750	53.5630	0.000702150	326.800	0.0000169812
52800.0	265.610	53.2198	0.000698018	326.714	0.0000169739
52850.0	265.470	52.8785	0.000693908	326.628	0.0000169667
52900.0	265.330	52.5393	0.000689820	326.541	0.0000169594
52950.0	265.190	52.2020	0.000685754	326.455	0.0000169521
53000.0	265.050	51.8668	0.000681710	326.369	0.0000169449
53050.0	264.910	51.5335	0.000677687	326.283	0.0000169376
53100.0	264.770	51.2022	0.000673687	326.197	0.0000169303
53150.0	264.630	50.8728	0.000669707	326.110	0.0000169231
53200.0	264.490	50.5454	0.000665749	326.024	0.0000169158
53250.0	264.350	50.2200	0.000661813	325.938	0.0000169085
53300.0	264.210	49.8964	0.000657897	325.851	0.0000169013
53350.0	264.070	49.5748	0.000654003	325.765	0.0000168940
53400.0	263.930	49.2551	0.000650130	325.679	0.0000168867
53450.0	263.790	48.9372	0.000646278	325.592	0.0000168794
53500.0	263.650	48.6213	0.000642446	325.506	0.0000168721
53550.0	263.510	48.3072	0.000638635	325.420	0.0000168649
53600.0	263.370	47.9950	0.000634845	325.333	0.0000168576
53650.0	263.230	47.6846	0.000631075	325.247	0.0000168503
53700.0	263.090	47.3761	0.000627326	325.160	0.0000168430
53750.0	262.950	47.0694	0.000623597	325.074	0.0000168357
53800.0	262.810	46.7646	0.000619888	324.987	0.0000168284
53850.0	262.670	46.4615	0.000616199	324.900	0.0000168211
53900.0	262.530	46.1603	0.000612530	324.814	0.0000168138
53950.0	262.390	45.8608	0.000608881	324.727	0.0000168065
54000.0	262.250	45.5632	0.000605252	324.641	0.0000167992
54050.0	262.110	45.2673	0.000601643	324.554	0.0000167919
54100.0	261.970	44.9731	0.000598053	324.467	0.0000167846
54150.0	261.830	44.6808	0.000594483	324.381	0.0000167773
54200.0	261.690	44.3902	0.000590932	324.294	0.0000167700
54250.0	261.550	44.1013	0.000587401	324.207	0.0000167627
54300.0	261.410	43.8141	0.000583888	324.120	0.0000167554
54350.0	261.270	43.5287	0.000580395	324.033	0.0000167481
54400.0	261.130	43.2449	0.000576921	323.947	0.0000167408
54450.0	260.990	42.9629	0.000573466	323.860	0.0000167335
54500.0	260.850	42.6826	0.000570030	323.773	0.0000167261
54550.0	260.710	42.4039	0.000566612	323.686	0.0000167188
54600.0	260.570	42.1269	0.000563214	323.599	0.0000167115
54650.0	260.430	41.8516	0.000559833	323.512	0.0000167042
54700.0	260.290	41.5779	0.000556472	323.425	0.0000166969
54750.0	260.150	41.3058	0.000553128	323.338	0.0000166895
54800.0	260.010	41.0354	0.000549803	323.251	0.0000166822
54850.0	259.870	40.7667	0.000546496	323.164	0.0000166749
54900.0	259.730	40.4995	0.000543208	323.077	0.0000166676
54950.0	259.590	40.2340	0.000539937	322.990	0.0000166602
55000.0	259.450	39.9700	0.000536684	322.903	0.0000166529
55050.0	259.310	39.7077	0.000533449	322.816	0.0000166456
55100.0	259.170	39.4469	0.000530232	322.729	0.0000166382
55150.0	259.030	39.1877	0.000527033	322.641	0.0000166309
55200.0	258.890	38.9300	0.000523851	322.554	0.0000166235
55250.0	258.750	38.6739	0.000520686	322.467	0.0000166162
55300.0	258.610	38.4194	0.000517539	322.380	0.0000166088
55350.0	258.470	38.1664	0.000514410	322.292	0.0000166015
55400.0	258.330	37.9149	0.000511298	322.205	0.0000165942
55450.0	258.190	37.6650	0.000508202	322.118	0.0000165868
55500.0	258.050	37.4166	0.000505124	322.030	0.0000165795
55550.0	257.910	37.1696	0.000502063	321.943	0.0000165721
55600.0	257.770	36.9242	0.000499019	321.856	0.0000165647
55650.0	257.630	36.6803	0.000495991	321.768	0.0000165574
55700.0	257.490	36.4378	0.000492981	321.681	0.0000165500
55750.0	257.350	36.1968	0.000489987	321.593	0.0000165427
55800.0	257.210	35.9573	0.000487009	321.506	0.0000165353
55850.0	257.070	35.7192	0.000484048	321.418	0.0000165279
55900.0	256.930	35.4826	0.000481104	321.331	0.0000165206
55950.0	256.790	35.2474	0.000478175	321.243	0.0000165132
56000.0	256.650	35.0137	0.000475263	321.156	0.0000165058
56050.0	256.510	34.7813	0.000472368	321.068	0.0000164985
56100.0	256.370	34.5504	0.000469488	320.981	0.0000164911
56150.0	256.230	34.3209	0.000466624	320.893	0.0000164837
56200.0	256.090	34.0928	0.000463776	320.805	0.0000164763
56250.0	255.950	33.8661	0.000460944	320.717	0.0000164690
56300.0	255.810	33.6408	0.000458128	320.630	0.0000164616
56350.0	255.670	33.4168	0.000455327	320.542	0.0000164542
56400.0	255.530	33.1943	0.000452542	320.454	0.0000164468
56450.0	255.390	32.9730	0.000449773	320.366	0.0000164394
56500.0	255.250	32.7532	0.000447019	320.279	0.0000164320
56550.0	255.110	32.5347	0.000444280	320.191	0.0000164247
56600.0	254.970	32.3175	0.000441557	320.103	0.0000164173
56650.0	254.830	32.1016	0.000438849	320.015	0.0000164099
56700.0	254.690	31.8871	0.000436156	319.927	0.0000164025
56750.0	254.550	31.6739	0.000433478	319.839	0.0000163951
56800.0	254.410	31.4620	0.000430815	319.751	0.0000163877
56850.0	254.270	31.2514	0.000428167	319.663	0.0000163803
56900.0	254.130	31.0421	0.000425534	319.575	0.0000163729
56950.0	253.990	30.8341	0.000422915	319.487	0.0000163655
57000.0	253.850	30.6274	0.000420311	319.399	0.0000163581
57050.0	253.710	30.4219	0.000417722	319.311	0.0000163507
57100.0	253.570	30.2178	0.000415147	319.223	0.0000163433
57150.0	253.430	30.0148	0.000412587	319.135	0.0000163358
57200.0	253.290	29.8131	0.000410041	319.047	0.0000163284
57250.0	253.150	29.6127	0.000407510	318.958	0.0000163210
57300.0	253.010	29.4135	0.000404993	318.870	0.0000163136
57350.0	252.870	29.2155	0.000402490	318.782	0.0000163062
57400.0	252.730	29.0188	0.000400001	318.694	0.0000162988
57450.0	252.590	28.8233	0.000397526	318.605	0.0000162913
57500.0	252.450	28.6290	0.000395065	318.517	0.0000162839
57550.0	252.310	28.4358	0.000392618	318.429	0.0000162765
57600.0	252.170	28.2439	0.000390184	318.340	0.0000162691
57650.0	252.030	28.0532	0.000387765	318.252	0.0000162616
57700.0	251.890	27.8637	0.000385359	318.164	0.0000162542
57750.0	251.750	27.6753	0.000382967	318.075	0.0000162468
57800.0	251.610	27.4881	0.000380588	317.987	0.0000162393
57850.0	251.470	27.3021	0.000378222	317.898	0.0000162319
57900.0	251.330	27.1172	0.000375871	317.810	0.0000162245
57950.0	251.190	26.9335	0.000373532	317.721	0.0000162170
58000.0	251.050	26.7509	0.000371207	317.633	0.0000162096
58050.0	250.910	26.5694	0.000368895	317.544	0.0000162021
58100.0	250.770	26.3891	0.000366596	317.455	0.0000161947
58150.0	250.630	26.2099	0.000364310	317.367	0.0000161872
58200.0	250.490	26.0318	0.000362037	317.278	0.0000161798
58250.0	250.350	25.8549	0.000359777	317.190	0.0000161723
58300.0	250.210	25.6790	0.000357529	317.101	0.0000161649
58350.0	250.070	25.5043	0.000355295	317.012	0.0000161574
58400.0	249.930	25.3306	0.000353073	316.923	0.0000161500
58450.0	249.790	25.1580	0.000350864	316.835	0.0000161425
58500.0	249.650	24.9865	0.000348668	316.746	0.0000161350
58550.0	249.510	24.8161	0.000346484	316.657	0.0000161276
58600.0	249.370	24.6467	0.000344313	316.568	0.0000161201
58650.0	249.230	24.4784	0.000342154	316.479	0.0000161127
58700.0	249.090	24.3112	0.000340007	316.390	0.0000161052
58750.0	248.950	24.1450	0.000337873	316.301	0.0000160977
58800.0	248.810	23.9798	0.000335750	316.212	0.0000160902
58850.0	248.670	23.8157	0.000333640	316.123	0.0000160828
58900.0	248.530	23.6526	0.000331542	316.034	0.0000160753
58950.0	248.390	23.4906	0.000329456	315.945	0.0000160678
59000.0	248.250	23.3296	0.000327382	315.856	0.0000160603
59050.0	248.110	23.1695	0.000325320	315.767	0.0000160529
59100.0	247.970	23.0105	0.000323270	315.678	0.0000160454
59150.0	247.830	22.8525	0.000321232	315.589	0.0000160379
59200.0	247.690	22.6955	0.000319205	315.500	0.0000160304
59250.0	247.550	22.5395	0.000317190	315.411	0.0000160229
59300.0	247.410	22.3844	0.000315186	315.322	0.0000160154
59350.0	247.270	22.2304	0.000313194	315.232	0.0000160079
59400.0	247.130	22.0773	0.000311214	315.143	0.0000160004
59450.0	246.990	21.9252	0.000309245	315.054	0.0000159929
59500.0	246.850	21.7740	0.000307287	314.965	0.0000159854
59550.0	246.710	21.6238	0.000305340	314.875	0.0000159779
59600.0	246.570	21.4746	0.000303405	314.786	0.0000159704
59650.0	246.430	21.3263	0.000301481	314.696	0.0000159629
59700.0	246.290	21.1789	0.000299568	314.607	0.0000159554
59750.0	246.150	21.0325	0.000297666	314.518	0.0000159479
59800.0	246.010	20.8870	0.000295775	314.428	0.0000159404
59850.0	245.870	20.7425	0.000293896	314.339	0.0000159329
59900.0	245.730	20.5988	0.000292027	314.249	0.0000159254
59950.0	245.590	20.4561	0.000290168	314.160	0.0000159179
60000.0	245.450	20.3143	0.000288321	314.070	0.0000159104
60050.0	245.310	20.1733	0.000286484	313.981	0.0000159029
60100.0	245.170	20.0333	0.000284658	313.891	0.0000158953
60150.0	245.030	19.8942	0.000282843	313.801	0.0000158878
60200.0	244.890	19.7559	0.000281038	313.712	0.0000158803
60250.0	244.750	19.6186	0.000279243	313.622	0.0000158728
60300.0	244.610	19.4821	0.000277459	313.532	0.0000158652
60350.0	244.470	19.3465	0.000275686	313.442	0.0000158577
60400.0	244.330	19.2117	0.000273923	313.353	0.0000158502
60450.0	244.190	19.0779	0.000272170	313.263	0.0000158426
60500.0	244.050	18.9448	0.000270427	313.173	0.0000158351
60550.0	243.910	18.8127	0.000268694	313.083	0.0000158276
60600.0	243.770	18.6813	0.000266972	312.993	0.0000158200
60650.0	243.630	18.5508	0.000265260	312.904	0.0000158125
60700.0	243.490	18.4212	0.000263557	312.814	0.0000158049
60750.0	243.350	18.2924	0.000261865	312.724	0.0000157974
60800.0	243.210	18.1644	0.000260182	312.634	0.0000157898
60850.0	243.070	18.0372	0.000258509	312.544	0.0000157823
60900.0	242.930	17.9109	0.000256847	312.454	0.0000157748
60950.0	242.790	17.7853	0.000255193	312.364	0.0000157672
61000.0	242.650	17.6606	0.000253550	312.274	0.0000157596
61050.0	242.510	17.5367	0.000251916	312.183	0.0000157521
61100.0	242.370	17.4136	0.000250292	312.093	0.0000157445
61150.0	242.230	17.2912	0.000248677	312.003	0.0000157370
61200.0	242.090	17.1697	0.000247072	311.913	0.0000157294
61250.0	241.950	17.0489	0.000245477	311.823	0.0000157218
61300.0	241.810	16.9290	0.000243890	311.733	0.0000157143
61350.0	241.670	16.8098	0.000242313	311.642	0.0000157067
61400.0	241.530	16.6913	0.000240746	311.552	0.0000156991
61450.0	241.390	16.5737	0.000239187	311.462	0.0000156916
61500.0	241.250	16.4568	0.000237638	311.371	0.0000156840
61550.0	241.110	16.3406	0.000236098	311.281	0.0000156764
61600.0	240.970	16.2252	0.000234567	311.191	0.0000156688
61650.0	240.830	16.1106	0.000233045	311.100	0.0000156613
61700.0	240.690	15.9967	0.000231532	311.010	0.0000156537
61750.0	240.550	15.8835	0.000230028	310.919	0.0000156461
61800.0	240.410	15.7711	0.000228533	310.829	0.0000156385
61850.0	240.270	15.6594	0.000227046	310.738	0.0000156309
61900.0	240.130	15.5485	0.000225569	310.648	0.0000156233
61950.0	239.990	15.4382	0.000224100	310.557	0.0000156158
62000.0	239.850	15.3287	0.000222640	310.467	0.0000156082
62050.0	239.710	15.2199	0.000221189	310.376	0.0000156006
62100.0	239.570	15.1118	0.000219746	310.285	0.0000155930
62150.0	239.430	15.0044	0.000218312	310.195	0.0000155854
62200.0	239.290	14.8977	0.000216886	310.104	0.0000155778
62250.0	239.150	14.7917	0.000215469	310.013	0.0000155702
62300.0	239.010	14.6864	0.000214061	309.922	0.0000155626
62350.0	238.870	14.5818	0.000212660	309.832	0.0000155550
62400.0	238.730	14.4778	0.000211268	309.741	0.0000155474
62450.0	238.590	14.3746	0.000209885	309.650	0.0000155397
62500.0	238.450	14.2720	0.000208509	309.559	0.0000155321
62550.0	238.310	14.1701	0.000207142	309.468	0.0000155245
62600.0	238.170	14.0689	0.000205783	309.377	0.0000155169
62650.0	238.030	13.9683	0.000204432	309.286	0.0000155093
62700.0	237.890	13.8684	0.000203090	309.195	0.0000155017
62750.0	237.750	13.7691	0.000201755	309.104	0.0000154940
62800.0	237.610	13.6705	0.000200428	309.013	0.0000154864
62850.0	237.470	13.5726	0.000199109	308.922	0.0000154788
62900.0	237.330	13.4753	0.000197798	308.831	0.0000154712
62950.0	237.190	13.3786	0.000196495	308.740	0.0000154635
63000.0	237.050	13.2826	0.000195200	308.649	0.0000154559
63050.0	236.910	13.1872	0.000193913	308.558	0.0000154483
63100.0	236.770	13.0924	0.000192633	308.467	0.0000154406
63150.0	236.630	12.9983	0.000191361	308.376	0.0000154330
63200.0	236.490	12.9047	0.000190097	308.284	0.0000154254
63250.0	236.350	12.8118	0.000188840	308.193	0.0000154177
63300.0	236.210	12.7196	0.000187591	308.102	0.0000154101
63350.0	236.070	12.6279	0.000186349	308.010	0.0000154024
63400.0	235.930	12.5368	0.000185115	307.919	0.0000153948
63450.0	235.790	12.4463	0.000183888	307.828	0.0000153871
63500.0	235.650	12.3565	0.000182669	307.736	0.0000153795
63550.0	235.510	12.2672	0.000181457	307.645	0.0000153718
63600.0	235.370	12.1785	0.000180253	307.553	0.0000153642
63650.0	235.230	12.0904	0.000179055	307.462	0.0000153565
63700.0	235.090	12.0029	0.000177865	307.370	0.0000153489
63750.0	234.950	11.9160	0.000176682	307.279	0.0000153412
63800.0	234.810	11.8297	0.000175507	307.187	0.0000153335
63850.0	234.670	11.7439	0.000174338	307.096	0.0000153259
63900.0	234.530	11.6587	0.000173177	307.004	0.0000153182
63950.0	234.390	11.5741	0.000172022	306.913	0.0000153106
64000.0	234.250	11.4900	0.000170875	306.821	0.0000153029
64050.0	234.110	11.4065	0.000169735	306.729	0.0000152952
64100.0	233.970	11.3235	0.000168601	306.637	0.0000152875
64150.0	233.830	11.2412	0.000167474	306.546	0.0000152799
64200.0	233.690	11.1593	0.000166355	306.454	0.0000152722
64250.0	233.550	11.0780	0.000165242	306.362	0.0000152645
64300.0	233.410	10.9973	0.000164136	306.270	0.0000152568
64350.0	233.270	10.9170	0.000163036	306.178	0.0000152491
64400.0	233.130	10.8374	0.000161944	306.086	0.0000152414
64450.0	232.990	10.7582	0.000160858	305.995	0.0000152338
64500.0	232.850	10.6796	0.000159778	305.903	0.0000152261
64550.0	232.710	10.6015	0.000158706	305.811	0.0000152184
64600.0	232.570	10.5240	0.000157639	305.719	0.0000152107
64650.0	232.430	10.4470	0.000156580	305.627	0.0000152030
64700.0	232.290	10.3704	0.000155527	305.535	0.0000151953
64750.0	232.150	10.2944	0.000154480	305.442	0.0000151876
64800.0	232.010	10.2189	0.000153440	305.350	0.0000151799
64850.0	231.870	10.1440	0.000152406	305.258	0.0000151722
64900.0	231.730	10.0695	0.000151378	305.166	0.0000151645
64950.0	231.590	9.99551	0.000150357	305.074	0.0000151568
65000.0	231.450	9.92203	0.000149342	304.982	0.0000151491
65050.0	231.310	9.84905	0.000148333	304.889	0.0000151414
65100.0	231.170	9.77656	0.000147331	304.797	0.0000151336
65150.0	231.030	9.70457	0.000146334	304.705	0.0000151259
65200.0	230.890	9.63306	0.000145344	304.612	0.0000151182
65250.0	230.750	9.56203	0.000144360	304.520	0.0000151105
65300.0	230.610	9.49149	0.000143382	304.428	0.0000151028
65350.0	230.470	9.42142	0.000142410	304.335	0.0000150950
65400.0	230.330	9.35183	0.000141444	304.243	0.0000150873
65450.0	230.190	9.28271	0.000140484	304.150	0.0000150796
65500.0	230.050	9.21406	0.000139530	304.058	0.0000150719
65550.0	229.910	9.14588	0.000138582	303.965	0.0000150641
65600.0	229.770	9.07816	0.000137639	303.873	0.0000150564
65650.0	229.630	9.01090	0.000136703	303.780	0.0000150487
65700.0	229.490	8.94410	0.000135772	303.688	0.0000150409
65750.0	229.350	8.87775	0.000134847	303.595	0.0000150332
65800.0	229.210	8.81186	0.000133928	303.502	0.0000150254
65850.0	229.070	8.74641	0.000133015	303.409	0.0000150177
65900.0	228.930	8.68141	0.000132107	303.317	0.0000150100
65950.0	228.790	8.61686	0.000131205	303.224	0.0000150022
66000.0	228.650	8.55275	0.000130308	303.131	0.0000149945
66050.0	228.510	8.48907	0.000129417	303.038	0.0000149867
66100.0	228.370	8.42583	0.000128532	302.946	0.0000149790
66150.0	228.230	8.36302	0.000127652	302.853	0.0000149712
66200.0	228.090	8.30064	0.000126778	302.760	0.0000149634
66250.0	227.950	8.23869	0.000125909	302.667	0.0000149557
66300.0	227.810	8.17717	0.000125046	302.574	0.0000149479
66350.0	227.670	8.11607	0.000124187	302.481	0.0000149402
66400.0	227.530	8.05538	0.000123335	302.388	0.0000149324
66450.0	227.390	7.99512	0.000122487	302.295	0.0000149246
66500.0	227.250	7.93526	0.000121645	302.202	0.0000149169
66550.0	227.110	7.87582	0.000120809	302.109	0.0000149091
66600.0	226.970	7.81679	0.000119977	302.016	0.0000149013
66650.0	226.830	7.75816	0.000119151	301.922	0.0000148935
66700.0	226.690	7.69994	0.000118330	301.829	0.0000148858
66750.0	226.550	7.64212	0.000117514	301.736	0.0000148780
66800.0	226.410	7.58470	0.000116703	301.643	0.0000148702
66850.0	226.270	7.52767	0.000115897	301.549	0.0000148624
66900.0	226.130	7.47104	0.000115096	301.456	0.0000148546
66950.0	225.990	7.41480	0.000114301	301.363	0.0000148468
67000.0	225.850	7.35895	0.000113510	301.269	0.0000148390
67050.0	225.710	7.30349	0.000112724	301.176	0.0000148313
67100.0	225.570	7.24841	0.000111944	301.083	0.0000148235
67150.0	225.430	7.19371	0.000111168	300.989	0.0000148157
67200.0	225.290	7.13939	0.000110397	300.896	0.0000148079
67250.0	225.150	7.08544	0.000109631	300.802	0.0000148001
67300.0	225.010	7.03187	0.000108870	300.709	0.0000147923
67350.0	224.870	6.97868	0.000108113	300.615	0.0000147845
67400.0	224.730	6.92585	0.000107362	300.522	0.0000147767
67450.0	224.590	6.87339	0.000106615	300.428	0.0000147688
67500.0	224.450	6.82130	0.000105873	300.334	0.0000147610
67550.0	224.310	6.76956	0.000105136	300.241	0.0000147532
67600.0	224.170	6.71819	0.000104403	300.147	0.0000147454
67650.0	224.030	6.66718	0.000103675	300.053	0.0000147376
67700.0	223.890	6.61652	0.000102952	299.959	0.0000147298
67750.0	223.750	6.56622	0.000102233	299.866	0.0000147220
67800.0	223.610	6.51626	0.000101519	299.772	0.0000147141
67850.0	223.470	6.46666	0.000100809	299.678	0.0000147063
67900.0	223.330	6.41740	0.000100104	299.584	0.0000146985
67950.0	223.190	6.36849	0.0000994031	299.490	0.0000146907
68000.0	223.050	6.31992	0.0000987069	299.396	0.0000146828
68050.0	222.910	6.27169	0.0000980152	299.302	0.0000146750
68100.0	222.770	6.22380	0.0000973279	299.208	0.0000146672
68150.0	222.630	6.17625	0.0000966449	299.114	0.0000146593
68200.0	222.490	6.12902	0.0000959663	299.020	0.0000146515
68250.0	222.350	6.08213	0.0000952921	298.926	0.0000146436
68300.0	222.210	6.03557	0.0000946222	298.832	0.0000146358
68350.0	222.070	5.98934	0.0000939566	298.738	0.0000146280
68400.0	221.930	5.94343	0.0000932952	298.644	0.0000146201
68450.0	221.790	5.89785	0.0000926381	298.549	0.0000146123
68500.0	221.650	5.85259	0.0000919852	298.455	0.0000146044
68550.0	221.510	5.80764	0.0000913366	298.361	0.0000145966
68600.0	221.370	5.76302	0.0000906920	298.266	0.0000145887
68650.0	221.230	5.71870	0.0000900516	298.172	0.0000145808
68700.0	221.090	5.67470	0.0000894154	298.078	0.0000145730
68750.0	220.950	5.63102	0.0000887832	297.983	0.0000145651
68800.0	220.810	5.58764	0.0000881551	297.889	0.0000145573
68850.0	220.670	5.54456	0.0000875311	297.795	0.0000145494
68900.0	220.530	5.50180	0.0000869111	297.700	0.0000145415
68950.0	220.390	5.45933	0.0000862950	297.606	0.0000145336
69000.0	220.250	5.41717	0.0000856830	297.511	0.0000145258
69050.0	220.110	5.37531	0.0000850749	297.416	0.0000145179
69100.0	219.970	5.33374	0.0000844708	297.322	0.0000145100
69150.0	219.830	5.29247	0.0000838705	297.227	0.0000145021
69200.0	219.690	5.25149	0.0000832742	297.133	0.0000144943
69250.0	219.550	5.21080	0.0000826817	297.038	0.0000144864
69300.0	219.410	5.17041	0.0000820930	296.943	0.0000144785
69350.0	219.270	5.13030	0.0000815082	296.848	0.0000144706
69400.0	219.130	5.09047	0.0000809272	296.754	0.0000144627
69450.0	218.990	5.05093	0.0000803499	296.659	0.0000144548
69500.0	218.850	5.01168	0.0000797764	296.564	0.0000144469
69550.0	218.710	4.97270	0.0000792067	296.469	0.0000144390
69600.0	218.570	4.93400	0.0000786406	296.374	0.0000144312
69650.0	218.430	4.89558	0.0000780782	296.279	0.0000144233
69700.0	218.290	4.85743	0.0000775195	296.184	0.0000144154
69750.0	218.150	4.81956	0.0000769644	296.089	0.0000144074
69800.0	218.010	4.78196	0.0000764130	295.994	0.0000143995
69850.0	217.870	4.74462	0.0000758651	295.899	0.0000143916
69900.0	217.730	4.70756	0.0000753209	295.804	0.0000143837
69950.0	217.590	4.67076	0.0000747802	295.709	0.0000143758
70000.0	217.450	4.63422	0.0000742430	295.614	0.0000143679
70050.0	217.310	4.59795	0.0000737093	295.519	0.0000143600
70100.0	217.170	4.56194	0.0000731792	295.423	0.0000143521
70150.0	217.030	4.52618	0.0000726525	295.328	0.0000143441
70200.0	216.890	4.49069	0.0000721293	295.233	0.0000143362
70250.0	216.750	4.45545	0.0000716095	295.138	0.0000143283
70300.0	216.610	4.42046	0.0000710931	295.042	0.0000143204
70350.0	216.470	4.38573	0.0000705801	294.947	0.0000143124
70400.0	216.330	4.35125	0.0000700705	294.852	0.0000143045
70450.0	216.190	4.31701	0.0000695642	294.756	0.0000142966
70500.0	216.050	4.28303	0.0000690613	294.661	0.0000142886
70550.0	215.910	4.24929	0.0000685617	294.565	0.0000142807
70600.0	215.770	4.21579	0.0000680654	294.470	0.0000142728
70650.0	215.630	4.18254	0.0000675723	294.374	0.0000142648
70700.0	215.490	4.14952	0.0000670825	294.279	0.0000142569
70750.0	215.350	4.11675	0.0000665960	294.183	0.0000142489
70800.0	215.210	4.08422	0.0000661126	294.087	0.0000142410
70850.0	215.070	4.05192	0.0000656325	293.992	0.0000142330
70900.0	214.930	4.01985	0.0000651555	293.896	0.0000142251
70950.0	214.790	3.98802	0.0000646817	293.800	0.0000142171
71000.0	214.650	3.95642	0.0000642110	293.704	0.0000142092
71050.0	214.550	3.92505	0.0000637316	293.636	0.0000142035
71100.0	214.450	3.89392	0.0000632556	293.568	0.0000141978
71150.0	214.350	3.86302	0.0000627829	293.499	0.0000141921
71200.0	214.250	3.83235	0.0000623136	293.431	0.0000141864
71250.0	214.150	3.80191	0.0000618475	293.362	0.0000141808
71300.0	214.050	3.77170	0.0000613847	293.294	0.0000141751
71350.0	213.950	3.74171	0.0000609251	293.225	0.0000141694
71400.0	213.850	3.71195	0.0000604688	293.157	0.0000141637
71450.0	213.750	3.68241	0.0000600156	293.088	0.0000141580
71500.0	213.650	3.65310	0.0000595657	293.019	0.0000141523
71550.0	213.550	3.62400	0.0000591189	292.951	0.0000141466
71600.0	213.450	3.59512	0.0000586753	292.882	0.0000141409
71650.0	213.350	3.56646	0.0000582348	292.814	0.0000141352
71700.0	213.250	3.53801	0.0000577974	292.745	0.0000141295
71750.0	213.150	3.50978	0.0000573631	292.676	0.0000141238
71800.0	213.050	3.48176	0.0000569318	292.608	0.0000141181
71850.0	212.950	3.45395	0.0000565036	292.539	0.0000141124
71900.0	212.850	3.42634	0.0000560784	292.470	0.0000141067
71950.0	212.750	3.39895	0.0000556562	292.402	0.0000141010
72000.0	212.650	3.37176	0.0000552370	292.333	0.0000140953
72050.0	212.550	3.34478	0.0000548207	292.264	0.0000140896
72100.0	212.450	3.31800	0.0000544074	292.195	0.0000140839
72150.0	212.350	3.29143	0.0000539970	292.127	0.0000140782
72200.0	212.250	3.26505	0.0000535895	292.058	0.0000140725
72250.0	212.150	3.23887	0.0000531850	291.989	0.0000140668
72300.0	212.050	3.21289	0.0000527832	291.920	0.0000140610
72350.0	211.950	3.18711	0.0000523843	291.851	0.0000140553
72400.0	211.850	3.16152	0.0000519883	291.783	0.0000140496
72450.0	211.750	3.13612	0.0000515950	291.714	0.0000140439
72500.0	211.650	3.11092	0.0000512046	291.645	0.0000140382
72550.0	211.550	3.08591	0.0000508169	291.576	0.0000140325
72600.0	211.450	3.06109	0.0000504320	291.507	0.0000140268
72650.0	211.350	3.03645	0.0000500498	291.438	0.0000140210
72700.0	211.250	3.01200	0.0000496703	291.369	0.0000140153
72750.0	211.150	2.98774	0.0000492936	291.300	0.0000140096
72800.0	211.050	2.96366	0.0000489195	291.231	0.0000140039
72850.0	210.950	2.93977	0.0000485480	291.162	0.0000139981
72900.0	210.850	2.91605	0.0000481793	291.093	0.0000139924
72950.0	210.750	2.89252	0.0000478131	291.024	0.0000139867
73000.0	210.650	2.86917	0.0000474496	290.955	0.0000139810
73050.0	210.550	2.84599	0.0000470886	290.886	0.0000139752
73100.0	210.450	2.82299	0.0000467302	290.817	0.0000139695
73150.0	210.350	2.80016	0.0000463744	290.748	0.0000139638
73200.0	210.250	2.77751	0.0000460212	290.679	0.0000139581
73250.0	210.150	2.75503	0.0000456704	290.609	0.0000139523
73300.0	210.050	2.73272	0.0000453222	290.540	0.0000139466
73350.0	209.950	2.71058	0.0000449764	290.471	0.0000139409
73400.0	209.850	2.68861	0.0000446331	290.402	0.0000139351
73450.0	209.750	2.66681	0.0000442923	290.333	0.0000139294
73500.0	209.650	2.64518	0.0000439540	290.264	0.0000139236
73550.0	209.550	2.62371	0.0000436180	290.194	0.0000139179
73600.0	209.450	2.60240	0.0000432845	290.125	0.0000139122
73650.0	209.350	2.58126	0.0000429533	290.056	0.0000139064
73700.0	209.250	2.56028	0.0000426246	289.987	0.0000139007
73750.0	209.150	2.53946	0.0000422982	289.917	0.0000138949
73800.0	209.050	2.51880	0.0000419741	289.848	0.0000138892
73850.0	208.950	2.49830	0.0000416524	289.779	0.0000138834
73900.0	208.850	2.47795	0.0000413329	289.709	0.0000138777
73950.0	208.750	2.45776	0.0000410158	289.640	0.0000138720
74000.0	208.650	2.43773	0.0000407010	289.570	0.0000138662
74050.0	208.550	2.41785	0.0000403884	289.501	0.0000138605
74100.0	208.450	2.39812	0.0000400781	289.432	0.0000138547
74150.0	208.350	2.37854	0.0000397700	289.362	0.0000138490
74200.0	208.250	2.35912	0.0000394642	289.293	0.0000138432
74250.0	208.150	2.33984	0.0000391605	289.223	0.0000138374
74300.0	208.050	2.32071	0.0000388590	289.154	0.0000138317
74350.0	207.950	2.30173	0.0000385598	289.084	0.0000138259
74400.0	207.850	2.28290	0.0000382626	289.015	0.0000138202
74450.0	207.750	2.26421	0.0000379677	288.945	0.0000138144
74500.0	207.650	2.24567	0.0000376748	288.876	0.0000138087
74550.0	207.550	2.22726	0.0000373841	288.806	0.0000138029
74600.0	207.450	2.20900	0.0000370955	288.737	0.0000137971
74650.0	207.350	2.19089	0.0000368090	288.667	0.0000137914
74700.0	207.250	2.17291	0.0000365245	288.597	0.0000137856
74750.0	207.150	2.15507	0.0000362422	288.528	0.0000137798
74800.0	207.050	2.13737	0.0000359618	288.458	0.0000137741
74850.0	206.950	2.11980	0.0000356835	288.388	0.0000137683
74900.0	206.850	2.10237	0.0000354072	288.319	0.0000137625
74950.0	206.750	2.08508	0.0000351330	288.249	0.0000137568
75000.0	206.650	2.06792	0.0000348607	288.179	0.0000137510

